31527
52237
89259
30476
32159
39010
90886
28431
13673
43873
4706
51953
57821
83548
67871
17756
60398
40283
64546
53387
52375
60370
44659
126
47260
47517
88018
51237
92678
75690
56662
24120
37942
69400
94894
19153
34990
85639
8469
21191
59506
22598
57383
327
52782
58026
19822
78432
60899
56548
10338
68571
78997
29461
70375
57502
45840
86588
67442
88473
72963
6779
69518
81383
64962
66168
773
46353
24701
92080
91257
36166
58402
55208
49199
73914
7952
56112
41776
24414
18597
47546
26065
98061
61694
14875
55
64532
92369
25033
35508
47381
75048
98781
81220
29664
41572
65448
79532
87637
4512
56801
18975
32292
43004
6216
24486
51090
21075
27678
42575
93592
22668
893
49368
89815
20136
54826
18561
9783
18074
73467
84767
47297
65807
14005
52732
55581
51420
99333
77500
78265
51617
93516
43312
67178
41734
52048
7436
97006
97902
78845
47604
48092
75084
34655
19700
40137
66347
67120
31535
48233
10876
92778
65583
52984
18775
80011
56982
60077
3983
54764
94209
93938
68029
74781
32340
11327
16308
52373
50400
54801
64590
88660
10406
71402
53044
57602
88474
64269
24361
98107
39241
12984
98360
48861
83468
3864
12804
95476
3386
34006
48542
86477
78807
68040
99275
32766
2829
30097
72893
936
89507
63879
20765
98451
5324
94116
46499
21115
79109
16125
36454
89398
42730
44183
10986
36311
52941
18307
34797
15123
92286
15779
95932
11656
16720
27266
53929
67002
23961
14732
2371
18503
51197
55940
43517
42757
16692
59606
42812
42991
92874
44511
32507
7199
94476
71622
91232
35314
67830
79417
87944
43200
2740
59452
30243
73965
74222
68205
41152
13617
30623
65412
4058
40694
38792
63618
55761
29186
88968
66364
7785
63395
55285
90297
35999
49478
9431
88784
14334
54430
19476
70038
11687
55426
7021
29989
21678
85414
52265
53486
88972
73928
97867
93333
13863
31376
48680
5014
20382
92764
81479
66251
20897
71503
71170
14292
23813
69158
7450
60378
88548
38877
65383
24207
75097
65063
81727
50310
76645
86863
51133
10905
98160
84404
68227
77783
50110
8529
16580
95760
30692
40504
70491
89189
12063
22592
42937
79205
36310
2075
18775
56892
96980
20561
12628
767
28043
2427
35734
68926
97544
63766
90242
95699
83499
47656
32778
14434
82637
52620
99362
84243
27933
221
32239
11477
31256
76617
54377
8776
56880
36967
3755
4623
218
4240
47859
30055
29949
27236
42460
85683
16078
14427
79505
1099
70904
49514
49989
19992
30860
1616
14534
80400
62762
23108
5796
97006
94972
26267
7261
94561
99943
65768
28736
4179
19044
71426
74313
36163
60613
2063
58033
85377
98864
55076
42803
90243
97994
73472
41088
30481
81238
69866
48739
18464
36247
11225
28169
7670
72673
83603
98683
84230
78110
49008
90623
56956
28153
93827
47194
74795
55947
58203
67616
30071
85257
65126
63162
90652
12342
54500
35920
54958
42584
21011
92919
14860
98460
17010
82045
68547
77663
47039
60772
28275
70007
75763
64246
19411
81872
65160
30997
88089
41494
57912
59751
49906
35087
82177
63277
93218
80556
14853
72245
69289
77083
34977
13002
15744
34994
86834
25168
85275
80486
76269
16611
99971
85482
97705
84514
40274
79559
56822
62880
22065
91922
31995
86122
20274
8109
64712
33122
87801
45100
70649
52778
79232
56097
7086
42659
85698
53880
59467
72108
8286
62680
91192
49457
65374
85371
70846
58287
63584
42494
78920
72466
27029
69350
99846
87045
870
33767
56067
82027
7470
77008
7985
26917
1101
28767
87700
3309
89121
94637
40588
26248
90150
29169
41175
29164
76428
49069
68679
32336
33341
83007
77493
71795
75065
9158
8667
81035
45621
32201
52916
45255
6053
77701
18377
77950
68872
45036
41492
83501
41621
58007
90587
45704
68715
72533
97821
19272
94415
20669
49155
73756
45276
27757
46194
65471
16088
33543
82533
51515
49451
41502
68717
79356
23862
53
61559
17982
93707
86905
89735
96927
45778
81194
65709
56851
74258
75749
73591
89328
84673
55384
33989
5955
24818
88095
63177
55715
78061
15918
31166
90111
92516
55609
98648
32705
11954
74582
74184
72116
95252
59297
17824
65284
69836
98854
56147
60836
70900
36213
88728
49814
75730
88629
97079
68044
27255
27828
50914
41981
40402
75404
97444
30099
15077
51559
46969
63363
98466
96803
1416
37846
19834
26588
99515
36476
38071
79840
19773
82474
63377
99222
64632
36431
95898
19386
97350
80519
66531
92222
7730
23577
74943
44802
51680
27320
95368
20818
19355
89293
55807
83815
1979
10029
98124
41188
61105
10119
75251
87780
98567
92896
66905
68801
450
83446
39702
66248
20475
11565
5090
9369
70929
73212
70749
95885
56451
14558
3105
73405
6453
29424
18865
67030
18720
23747
79009
44176
84114
32411
61260
22721
16438
72770
39540
89572
13686
62455
83010
91260
32601
73051
18586
98286
56303
94019
66380
92278
326
87475
40647
60851
43126
38825
92528
15998
44041
62152
38811
58518
66209
88303
54217
42455
72865
9302
28581
34313
16199
71860
59937
80922
61
25334
64069
12847
94754
95939
52349
28208
6821
1146
37775
48500
56682
80976
37057
17726
19478
43276
34628
62529
13091
32596
62857
32260
48456
67067
12240
40579
74116
6708
36369
16234
55712
95094
27593
4951
86577
26605
60105
5772
66455
78908
27719
72788
79665
57639
18380
34937
67493
20044
79528
12124
21742
75067
79385
41719
19055
17598
3887
56318
74846
21713
7312
92829
23801
38431
72456
78183
85856
95479
76414
50346
84986
54683
35018
16116
88336
83045
21849
23914
45757
60452
21260
28401
4049
24521
52532
21603
47270
33651
40706
83163
89100
18217
48961
98733
25721
88999
7334
70772
24424
53837
77629
75781
24013
99517
6573
61447
70893
77494
78649
11739
50952
1508
69577
57553
18837
31345
12411
57130
60199
4553
56276
34312
10919
57568
77588
69792
54697
30145
17036
29212
75345
61905
63511
33743
32223
58388
32109
97174
79813
74150
97074
99444
28913
44342
20270
64787
4745
10018
4072
50282
54889
33341
86224
94732
92458
74991
64414
59244
50590
87208
77236
26865
90182
1618
11407
62193
71801
59735
42903
47120
19056
83297
32405
39322
33761
31708
36744
85777
28019
98419
49056
28767
19073
14493
5071
92976
43024
98780
72529
2915
98707
6454
82920
86584
64801
11752
85495
57879
70717
18401
3085
6792
54276
44303
50411
13510
74147
626
8064
11345
63503
23366
61718
23620
28786
82613
76902
18772
91303
22962
72989
7539
98731
66609
40038
29015
65396
11424
19445
56167
58680
22755
21625
21444
37774
57858
30745
57745
23972
12023
19082
6008
4321
848
52031
75250
29145
38895
48929
87348
88161
85108
39402
55529
74973
1470
27257
36782
76377
93220
33
71282
91996
68236
34650
27659
75350
93989
99804
35018
15548
11959
17183
66673
26643
75608
12128
46239
96029
70984
43447
13222
91546
38972
76908
9187
37302
37707
32346
54458
60118
1522
64344
67131
87429
3178
78314
6061
8893
11100
59045
43010
97569
37494
90815
31373
86494
91599
34562
27420
95050
5185
93947
42876
64792
70816
14132
38737
37462
65763
38113
61255
55373
51007
2715
21153
72701
36875
40388
12458
77340
22112
94733
80544
71848
17789
63657
67101
55116
8566
67210
72828
97968
64668
6066
1141
88083
96873
87893
72013
12373
3194
13355
24651
11891
57032
89235
87383
76752
58523
40252
63032
37625
14443
48418
64022
2307
56958
43025
30321
55815
16002
68942
76989
35666
77710
35078
47854
91292
2197
68679
4485
61828
84019
24889
87122
45755
81393
63331
8486
17091
10632
82896
74433
56608
16709
20705
18838
41175
10866
71494
71844
23583
34560
26235
19037
62242
93624
25760
93751
2812
72515
7059
46152
19237
55878
82270
15749
48194
37944
59594
76899
86779
44614
40365
73554
85236
92049
29087
97168
54726
58618
39599
24309
85948
91070
35756
20767
42762
20261
79313
61880
68797
56248
85740
46411
60872
28539
63628
84537
21223
17705
89416
61963
46785
77733
11207
35964
61965
80874
31360
22684
37172
34186
69784
10357
18291
53060
40241
78893
73231
60252
87319
15337
48371
15735
1487
90031
60029
54144
48687
86953
89611
21685
21484
55478
82831
50449
20153
79642
12279
17381
23394
40633
39117
90293
33510
59539
16045
32598
22199
54237
11782
62833
78714
9902
98208
47285
32699
52903
98275
99094
97837
56054
90087
77425
85279
54147
99704
95682
13406
63936
6270
30723
51692
17744
58972
12689
71230
75226
59104
81298
7711
48986
67880
32224
9417
93591
23320
53984
4520
75992
71982
66483
57243
35127
10398
48168
65195
21018
93972
21190
83382
23368
12126
78461
20438
95317
46745
5112
96377
30038
26752
68595
32017
23578
94180
86041
20325
698
50625
36248
80006
54787
33543
48899
97890
11561
83287
66656
96562
62099
65151
46998
3285
43085
94134
28120
87547
50436
19964
11500
43547
40229
16914
30791
2452
80741
98633
9603
33769
41707
31460
44503
78140
65511
227
71495
38853
39240
12312
70177
28662
80036
77220
39108
76169
76870
47673
29950
67358
73416
95443
97077
47022
31309
3741
69176
80698
36312
33862
36204
6783
464
53401
5592
51920
62087
3614
52799
61651
24911
68315
11275
10173
19196
47219
71167
54686
55442
42405
65251
21452
85871
11880
28592
41433
49579
70216
91198
79050
55083
26531
42294
83762
41120
66083
75153
6004
42189
86627
2369
97851
90533
48462
20517
72655
72524
86878
20516
89634
42776
13318
94657
1747
59129
37400
48050
86294
64061
69430
69694
14331
56509
96138
3482
24272
51931
66226
8455
80233
68166
11198
74853
83087
33728
34622
98088
20610
48284
59652
70838
47097
39731
48968
85402
95526
761
80541
48548
4358
70511
34660
69151
44427
58601
21164
58000
47878
90773
10787
47660
45520
14623
72536
98938
15290
58314
60807
9629
82352
49534
4588
77304
26624
69537
49209
31201
81208
44746
71557
91151
10871
50650
90319
35767
74512
42597
57490
91954
29876
32451
8046
6534
45010
4671
64431
78498
80158
11120
5734
11715
35716
98418
72118
38227
23716
2030
94003
3732
47587
73767
81191
43301
65702
45579
72066
67038
36633
88696
75983
74628
79423
62687
36231
52892
42261
8031
76129
21055
98141
67430
35712
85995
91544
50708
49536
74769
39194
70722
16482
63586
70338
77370
13879
7533
29150
74151
25155
94396
10340
73813
15723
52980
74653
73407
25790
64516
2414
7313
61617
92004
558
41342
43406
64219
42787
97768
51040
67452
90998
3330
73180
78180
86366
72060
2498
60192
13247
83354
94161
96966
78315
56204
41695
28716
5200
52320
59420
11941
11421
12925
91907
90244
51956
38356
19845
36148
94307
86606
93380
32913
12524
12665
40788
86446
99566
28537
40533
59025
35181
39772
36053
40900
81153
84553
42720
99365
79506
53438
46927
81819
50479
20145
31923
33800
59769
93899
74696
83918
94126
83689
55871
33519
9745
83832
88059
42047
40989
70837
5918
95109
60982
37193
78298
57830
27967
17283
57384
7344
74512
45485
76929
61570
16138
45331
10042
85344
21941
35818
10881
16112
96505
21846
93482
33023
18120
91312
52209
42054
41027
65847
78426
16496
42703
74186
9083
11964
92297
88134
34268
99541
69692
6476
53565
60729
68382
69843
37457
53694
44201
40344
16514
9256
24653
10504
1043
47787
85350
69185
97391
61363
99054
1873
38613
57785
83234
77786
23310
14467
90006
40536
44960
48294
13877
77558
68747
81500
2318
65713
89770
70817
65342
18025
13304
83213
82425
95432
11871
94335
83409
33756
69766
52617
80779
35400
3925
3083
47459
6082
17436
32382
9484
56843
13497
41477
5925
53616
74419
42380
77189
92523
96706
55032
1998
85915
12166
82422
68703
53951
63944
46082
15609
68217
23902
92599
23611
33320
53474
2510
70011
36943
68232
86754
25481
90279
50937
99894
17931
71289
55690
57440
70075
88937
22589
3563
53909
59020
8810
67763
49239
93712
38049
91466
35535
31474
78686
35143
65258
66528
83052
60323
143
69661
9096
54947
12835
17886
67020
99478
20972
86469
9792
37925
51367
82403
6477
1079
75377
84459
22025
90123
41261
33388
36509
69270
8010
81616
78987
52570
43232
73121
92305
55625
75522
96003
42793
68699
57137
50622
90621
33580
79754
50735
26832
45964
54452
76932
78181
41822
15579
83557
76051
40278
70522
12821
3577
83293
30970
40380
54158
31986
79834
67800
24531
51060
36818
61751
12995
21964
26540
60637
91922
31237
39285
89254
318
70289
97023
5840
78784
11198
9767
926
23113
50425
19717
11234
45584
54264
42730
91790
91243
46100
3659
57263
30198
31675
61855
37951
63636
68889
45567
68082
51717
18051
276
9360
52684
70023
98147
11040
48450
46411
56490
94822
71529
13709
63350
90507
40954
25509
69032
80428
15212
64643
64681
53961
57528
88888
30387
59436
81210
13609
80975
80108
34608
51123
88975
39871
2495
80220
42065
80724
53275
48639
85050
73128
71352
35860
43544
70577
28640
13070
20532
69069
27228
96435
59448
43057
61648
18374
28636
51234
63043
49539
29377
62856
1847
15390
12219
39985
91933
94604
45778
14773
99882
98283
97720
40867
95527
92503
95843
71285
78414
33299
23878
75729
25494
65088
56191
82481
79374
66580
41620
22388
65429
66019
90923
16010
34988
60112
82064
20932
61008
35214
21176
51454
46115
24315
35096
25628
41500
18544
32701
17889
24395
15711
51681
13884
4006
30278
9969
58464
43693
98599
32838
31325
62631
95336
77584
18501
72242
16149
18031
95976
83768
28191
17890
78517
58681
44717
21988
26938
42976
49398
74101
37557
65432
25154
52866
24586
53121
74333
42948
59154
58759
94154
20864
63730
73226
15313
95755
55843
39151
25637
36596
94444
38613
17082
42126
62700
23953
55682
15457
79128
59717
49797
19260
24168
40813
61798
35467
77082
70783
76390
7960
40042
88667
80405
99847
52462
16074
49497
64124
83902
25
16826
85656
98866
39231
62478
37011
57515
29353
24546
32108
87402
69407
11575
57317
92965
94312
39773
26396
96010
8553
14403
94535
35755
25557
58815
7438
44167
92124
75978
34201
89852
98272
53187
35689
37051
89415
62921
49727
87684
58340
26723
80965
91795
82411
54726
85403
16204
10469
84804
10291
43461
7822
2320
49240
35857
76392
746
11746
42439
93000
20465
31598
33066
53249
30706
85798
30511
82642
85818
94606
40501
90844
24827
76135
55544
27625
8252
30797
47190
21229
25958
84409
40021
83746
81245
3869
7633
39653
87706
48613
28865
96806
70686
70495
35082
32607
75832
44273
703
94384
82261
4422
26055
24278
4911
29196
76772
63300
18268
57636
33795
6436
37108
37913
8908
90930
69762
88675
13574
66709
4909
17456
45349
33555
32594
1820
71337
6903
3557
64678
62364
41007
97578
37085
7359
84653
68217
53794
50899
79839
35017
80810
28766
62530
97923
35373
86804
21463
84694
34689
40317
20684
44083
67876
7125
28740
60017
59739
35296
18155
46782
41995
56340
75607
88556
41649
12242
78230
43843
4462
97501
67215
73098
57693
56988
94737
63047
91551
82556
56658
42308
90716
9607
79125
73205
97889
13252
27696
5898
32864
55360
57515
94585
75289
50567
86650
56846
99322
73980
47384
74337
32484
29449
84434
53431
90130
89965
2328
97221
43013
5964
41256
91772
90268
51376
78592
91333
60692
33592
41458
51446
32390
50789
48505
831
73013
88090
78779
67065
71757
77063
11189
38108
64418
54996
86094
90478
16716
65906
79088
96287
48714
81566
2603
18916
87764
41711
62124
55581
66219
50831
42518
19836
47427
44167
7932
4391
56302
40045
98937
73686
14021
43374
96184
36357
56361
11016
11252
26307
69569
34970
67264
18646
89744
59403
64829
99359
42494
66813
13013
10473
52376
84572
25952
96649
84759
92542
88988
63222
14103
8465
13382
86661
42245
77592
81787
37632
14441
23981
32110
55373
87895
67206
63115
29675
1735
16539
86230
68422
89013
70699
74342
11087
83175
79342
56907
84730
31637
68185
11216
97614
57606
83861
49134
61375
87545
47648
19940
94159
25552
76451
87396
71545
43833
94725
60106
7493
95161
58802
19387
24309
24018
96315
45888
16159
6041
36568
12563
89498
65632
42951
14079
54125
62598
22149
55276
52280
29028
42554
6950
49527
57825
29023
33792
94134
70991
9093
5465
59373
50299
20935
59531
48033
52876
70471
81340
42842
25254
22864
26881
11518
85479
36513
52076
43566
24514
50840
68921
22065
51818
29228
55680
25528
24099
59809
77943
58792
6970
98080
15127
31702
66374
49853
40352
12668
8558
82419
37072
15754
91694
41547
26984
14994
62320
3025
58262
64889
92860
83465
21483
87821
18365
75000
83264
14952
6264
53812
85687
39291
37539
33656
71242
50092
45578
53087
95632
64130
20099
37955
98867
79273
66883
42799
88971
68000
57572
90946
29200
73560
27898
93475
88087
20065
21768
21866
60987
25582
64286
8136
98640
44402
65473
82719
28999
1762
9486
67163
31999
96376
56280
73068
22038
87924
10145
93971
2172
10608
53127
62061
72255
67874
90839
89132
6574
22849
31177
10044
41857
81688
61653
76116
73622
80704
69631
43559
3450
76575
37653
47715
24739
14082
60009
85406
78527
85528
63771
21509
73833
22971
92359
68118
27327
45034
12160
12245
7811
4825
4059
93924
4169
87269
69000
81390
13419
99348
53082
68021
25828
29213
80867
21414
40873
8962
47239
22968
98233
2003
25776
92363
11907
27858
42347
59465
69804
15649
43728
11487
74064
62064
86712
56677
21049
17508
18231
89140
2324
47367
57416
50604
57415
76403
79755
89264
42790
70365
63170
33593
47736
23560
64428
39303
91066
39901
1867
91760
71395
17366
45336
48851
58766
49495
70333
6215
48797
61123
73080
31095
26552
84813
32893
89984
39709
41386
80555
71781
25200
23596
91600
14901
72776
876
39385
24113
225
69163
67562
33624
62945
88160
10467
6187
20566
32084
2262
45862
6495
31775
53823
62187
42694
68109
90739
45021
373
62686
734
36749
81830
7005
18364
85948
1118
53690
81349
73098
14591
78825
80252
47433
18724
16459
84989
55715
53158
80209
91827
14325
70240
79476
49358
12682
60295
45193
295
26345
11541
7555
9832
64980
78788
52954
6655
61542
74046
20674
52706
7108
9763
94418
61916
70315
99119
81224
92204
62491
83361
6310
92529
13226
3591
60642
87046
74681
38089
56160
14268
83124
66239
15435
61280
21386
80571
62127
86813
47270
70032
51765
32406
36155
7001
60480
38746
24538
65715
75240
52124
65364
89598
16239
5849
73670
9328
79151
60059
24382
97958
18701
82841
11676
4457
19883
62845
95721
47072
74100
3381
93552
70019
18940
3417
61575
58558
99917
31373
76965
92910
17422
95781
87018
82063
75611
76958
28762
91393
35612
12
27671
3033
5544
21616
96327
59641
93227
89735
55295
16587
32050
55100
3313
32439
68056
85185
54419
47940
46699
38431
58151
7974
92287
26331
78753
15419
1289
15633
98648
49779
76984
9898
48838
43212
83745
16255
40954
63479
20430
17806
58577
5798
97536
27061
52549
14752
18876
78235
64272
68172
12498
15334
10422
89276
60855
3093
57371
35860
3292
6898
2188
64325
77473
57038
8615
75236
12626
56331
28332
24228
71698
76540
81944
22974
48012
65205
34721
85994
12246
82184
72046
84083
92509
14193
16451
53931
95294
491
14398
2497
94524
88703
99012
14062
89523
34569
96705
43292
50902
26414
64714
85057
35168
57719
25389
24264
4238
10410
96750
88096
71107
84749
44444
31675
53410
22303
95457
27839
48895
52864
37290
65320
74057
52232
50579
3825
13209
37479
23208
53776
2475
6899
7110
82819
87568
8147
83917
42994
68717
48377
48674
73494
87148
54560
99336
67786
20093
62040
29008
93322
13000
62396
29187
40039
27112
23280
39017
46164
16799
58183
49243
60941
14877
63278
67246
32093
38855
62716
3575
99599
85683
82961
69808
98199
42005
37324
73378
87018
80053
35986
51801
67125
17923
41729
97456
56866
326
6611
11135
83390
10364
24309
35237
33951
89921
58539
49976
50596
45473
40847
22044
62889
7335
83410
41024
38393
8198
57034
81312
62692
35202
4767
31792
49548
41247
14706
80988
77330
64511
51627
55567
76301
65835
23948
58409
99652
9927
58911
58773
74786
29469
43835
89736
98802
59646
53467
75091
50046
97357
39275
30257
2438
21360
35780
20964
14941
97423
46103
68586
14382
204
33144
35388
95976
13106
68975
75996
83665
16155
4622
83578
28080
88337
50026
17619
69763
75498
56210
92692
34413
32581
16069
89884
31230
62993
60237
15075
71318
28743
44610
36093
51930
43491
38452
78552
32563
64907
58813
17190
36430
72465
59027
54603
79686
39611
74731
56313
25051
53442
91528
67053
63557
83414
13427
90382
40552
53727
49382
56198
1165
99461
44430
90697
84094
6196
86824
27847
99561
72164
48217
74112
70671
84288
93492
86240
51844
39249
54654
9518
7541
54722
48969
86978
23240
2272
35970
89559
63674
99387
93021
59822
72455
73334
76592
12356
35516
23026
55773
61376
52076
50126
27995
44104
82825
70320
22550
73643
31898
17338
2418
70439
742
79910
50982
18747
43789
69919
48373
73002
20835
58024
57105
76440
68060
48529
50406
12212
54411
83081
28288
75579
63055
48949
40358
35633
51020
3705
7422
87330
18964
68526
60334
65012
5850
56360
98938
87556
71368
88726
65104
92513
64667
31760
11204
49240
19226
63779
98916
37520
59060
20200
79659
84423
46668
69463
37197
36707
23627
96913
61471
5754
30121
61826
55152
86996
4865
59080
67101
36206
44777
61908
43529
92029
45988
14812
58744
8363
23167
11102
63466
31054
46305
76653
42358
59805
37790
30397
13463
30705
81303
87264
15773
34015
60534
24836
43941
76723
84061
77501
46236
36048
67563
35786
34241
73045
52486
88165
73944
11512
61096
85883
87274
54194
64518
43837
86457
4389
49657
22440
83212
65362
70959
929
86173
78043
73620
26802
70333
28041
35047
42027
58935
94440
51767
8941
19228
77841
97055
615
81190
58332
21763
54434
38013
15608
5176
74178
48312
56303
70244
11088
77209
34538
26600
37669
1205
15422
16726
36638
24138
74379
40577
18768
43209
63597
70399
58817
30021
7389
1678
60128
39299
82827
84697
1105
51230
70531
16608
7415
45894
51984
94952
67934
18698
22177
6285
94246
14176
46194
83135
25480
32190
62013
21853
45487
56904
83582
75106
4858
91184
39144
51821
29768
47947
45354
24237
21113
73986
7218
11116
87064
58425
18922
25552
37984
20942
29376
42366
78831
95530
52369
4337
18478
4653
74324
81238
12079
60147
62881
24207
43662
2521
73228
63476
25518
56281
15595
35617
19573
25668
17654
20579
28410
62536
92745
61222
93682
7706
95311
92021
7454
10488
69874
10735
53311
91511
78512
61944
90655
34887
77483
85503
50105
83936
5345
82624
8581
24362
65271
89544
33818
77154
14042
40004
17737
59650
20848
8541
14371
10619
23555
89264
15683
38921
54402
67084
82012
82929
42046
7583
82954
12141
77791
10351
23545
63277
71217
70437
81792
30611
96334
41906
6445
36170
3182
60772
98105
86884
32060
26017
7707
67390
5593
13169
85843
47227
45679
57961
3753
2897
44539
26436
29879
56971
70714
85754
41789
16956
65503
66115
93119
76321
77049
58497
13433
96932
62635
5379
39623
76834
72882
32934
11655
88857
70591
93657
51621
44997
29671
9146
68511
27185
57168
69154
32205
58771
89538
36863
77623
69251
31041
22909
89246
70152
49669
61031
12464
56650
83902
12982
24060
60395
1975
94453
36433
23918
13292
19055
44827
37725
96105
16702
79603
63932
8320
57170
9761
20945
54791
78125
82161
70209
4745
73893
77794
39487
1954
48411
45851
5346
99660
31376
67753
5888
68724
59086
11474
4396
90470
20113
57046
79374
86300
56091
29867
63766
21776
16900
4353
91644
44722
16904
3336
29534
72569
81614
40262
65148
50617
34672
58615
31005
98143
19373
86894
62590
15826
74460
59629
96529
48569
43061
76585
40969
68593
74514
95266
6573
84928
45975
81442
40525
45236
95074
87496
71142
94913
2370
6173
53265
69548
45662
24074
30446
68302
8270
52377
61916
8831
38934
36105
37939
83388
47
87514
29577
73247
464
98150
89022
11497
41727
99196
537
21544
42957
316
18445
12598
56372
97366
43500
87508
38061
7715
39686
96885
90107
42605
5947
9423
60290
72822
95992
65508
30191
73001
52183
32957
94489
58617
45668
76759
70169
71857
37756
9502
16113
63126
19098
19382
2656
23539
96809
92541
89896
3305
3210
55966
79977
34571
79513
75321
91749
71800
20218
49021
50324
72178
41369
34457
19062
67721
13849
83150
35350
73099
28456
61079
51486
95400
32786
62418
96489
20681
81269
68480
24761
7963
69487
31096
86834
38911
61941
56949
11589
10021
40856
40746
75933
91923
67430
96686
33987
2287
70072
66295
20175
90487
33828
2362
71745
28052
34425
60053
25748
50425
60384
76950
74190
71398
83868
48073
23188
78558
55636
17379
84962
78666
77413
92834
34063
32296
16377
72360
13827
85750
75956
74502
14863
26275
2554
97488
20501
49799
4906
33214
17995
24457
66984
46970
18391
17173
53454
24443
47205
21480
70295
27018
46253
10797
5151
30988
77377
87727
53751
87534
25911
73096
889
65183
79050
58694
36588
83658
30561
89175
10569
59389
75854
34783
65060
83041
6246
30156
9637
71465
52693
78444
73210
35688
30108
44690
65626
16404
96753
30658
62640
62483
40233
29271
11650
42475
11117
57897
75859
79579
12756
8416
4347
81179
63467
76120
68525
794
28021
98321
93461
98043
38273
87075
97366
53142
85649
62129
20879
9219
74974
62778
53869
12746
54840
82604
13639
46340
90254
33488
9477
8994
36062
32548
9060
88942
92413
6767
60332
37972
47142
67959
28147
14243
991
85736
20833
17816
23031
23369
84845
73127
49750
69873
96489
53369
22286
72137
41822
97307
47397
63879
11893
80199
14860
21930
63782
72673
14805
55405
21906
94006
80026
68604
41289
95422
92787
5519
97892
3512
65315
73908
31469
548
81098
68067
46651
35637
90520
96682
48129
1996
15529
9854
48332
24574
5839
26505
74515
73498
8477
13344
43992
89468
5311
32529
64287
29465
69986
57447
38557
86234
46692
15487
98356
4353
72294
77781
46946
45796
48563
38345
53619
27913
76615
63265
90665
21261
84345
67562
42093
19982
20954
67849
63531
92863
83622
64222
3276
63901
64514
44196
83603
94196
27442
473
44311
96403
60738
55274
54642
18623
64454
55035
32485
40228
67408
97042
41046
60139
22444
14118
76818
85624
66899
38262
24186
17564
47868
77220
75605
44733
37285
83193
68698
79774
2758
93326
93015
77429
35463
43824
24062
84564
13801
58915
95550
93186
5606
99958
2387
65654
80494
86505
81040
99875
96373
93507
11340
69049
53691
23699
56234
56242
14857
12800
12953
89590
30719
41389
2768
42600
68068
3270
32109
93070
8197
46497
26305
3018
33289
53782
45887
68113
83222
90304
43967
87257
95780
52446
54097
84152
48647
19560
50326
74283
61895
38121
30953
89562
225
65490
5322
94343
98522
36660
45345
49757
83860
20211
54804
23414
76336
59728
7575
95756
4693
80241
62896
40579
48625
32988
35235
28324
20476
48513
3619
65711
21178
84034
75480
49070
45482
32108
2972
24623
73801
86472
34406
13542
41571
78567
41491
44538
99490
30234
16790
62530
85720
78265
95639
58644
42622
96261
26194
15481
64559
75430
86387
64721
64038
70567
23342
47183
12846
51863
35015
94766
47241
84464
26493
9001
75600
80349
23513
71155
1546
44542
95964
91842
91598
56095
20509
51928
41235
151
48320
88339
18378
59297
9839
31071
99262
38937
64988
41728
34615
7586
84200
75511
7710
70238
20745
4227
7098
41702
12842
75886
66352
47821
50469
31373
24488
20273
22383
40781
6775
15702
33021
42775
57572
49191
22100
90561
97209
86196
75630
53091
7498
6893
67800
84963
67567
68738
21767
45398
50078
98550
15956
62017
76468
81129
2190
67007
16642
82480
97751
35140
45910
2496
44093
11505
13509
68119
70462
49325
58383
38753
52116
74860
10907
70045
27244
66029
36283
641
57523
67032
52822
96094
23484
41863
72847
10772
8676
65517
44436
64208
12477
38165
69078
96876
32620
99449
95682
86461
11434
57172
43662
42738
50325
71909
18618
87148
86573
64998
95063
96915
88157
93691
20270
92990
62390
98150
30390
4619
52218
75009
96768
25578
6328
30892
21416
69382
10657
22683
18124
5306
69116
11590
46793
68122
41691
35399
49187
9562
60726
79430
48372
98005
8938
56666
46599
64091
72777
61406
66675
14997
43337
65574
59784
62075
89625
65741
57809
62325
71032
85848
60143
49143
89806
4645
53355
14146
47503
31800
19395
48319
21476
19704
77757
60502
38482
71736
30067
39428
54243
37133
56211
75553
47432
11373
19117
25852
53004
22287
25261
87918
10127
82859
26680
81859
15404
69498
5236
50786
50696
52544
93212
26501
48518
75582
98573
5900
97876
66985
83486
51270
1910
61142
50504
37702
30504
56672
53106
38604
65133
65393
14406
3547
29013
66567
89654
43003
55423
63553
72424
49997
62831
65387
44768
90996
20831
44944
8248
76565
93815
51330
29036
81442
34891
46875
78974
66420
42020
88961
65663
39785
82014
30323
97487
96405
81554
45055
88843
64066
20389
50560
32369
64498
1405
53837
77755
27446
44587
28504
67816
31683
64507
30066
63073
84465
33916
23851
46030
87018
61326
51606
19398
85058
11703
8396
9602
37754
48729
54058
47259
11351
22979
16844
40027
97041
68554
73544
65792
88916
4795
22501
43500
25316
41008
67589
70063
26268
9022
45297
79101
4764
56606
55825
954
52607
83220
65590
19963
87818
35732
12206
98900
65177
60545
36696
7349
31305
66208
2171
32595
73398
9449
37055
14430
1988
37054
40072
95067
90554
79134
37022
76323
78262
85759
71973
79592
22827
10294
60865
43268
40131
94904
46224
4174
60571
68580
69667
36815
62840
87304
14915
42791
6153
81938
93119
4753
11453
22514
3406
54585
31865
26605
70359
11914
39176
73169
13075
34989
61214
61141
37416
6247
61034
50750
81040
98560
99923
42559
98109
23401
97300
72282
14156
32676
69788
93986
36217
26866
14397
35659
6211
40055
80948
38267
37943
96862
73005
94270
82658
79498
31965
13737
94701
73150
6996
40283
66639
51631
61604
91594
43191
27385
20283
73348
17928
29389
9398
40636
35405
65345
80929
39419
60243
71639
76146
63718
50788
88506
53963
33937
41931
51797
14161
82032
14166
34981
32253
27742
49805
86769
43422
24872
61994
70459
36488
30528
86919
66579
85463
79944
77860
23295
92637
8299
22283
28711
82855
60985
82399
89542
84189
13081
45849
3708
72805
72155
74830
22853
16927
27247
36804
25262
91524
96294
18887
715
81262
47100
67280
97943
80026
85051
33944
11010
61630
74207
86627
43574
51512
99968
23184
76208
61983
97004
65793
84085
67438
18291
52193
11606
2783
11087
7690
63679
26364
46164
67486
72712
32086
94792
96723
79936
4182
69335
68053
93925
42082
90753
27477
39264
43218
78117
11777
64765
40779
30061
41352
63690
35684
55721
39480
2326
20881
81336
99903
65139
60910
70847
18402
11198
30111
84027
96076
24802
57004
23789
7292
77384
41651
14184
47364
62857
68383
13105
92614
33076
34791
40291
9712
58885
27448
64519
35916
95788
56308
26605
20843
90644
42411
77361
84336
43743
42796
60040
27004
48310
11690
51297
75987
89960
95360
43241
93438
57617
86237
73377
74651
57731
73011
29367
69030
15093
69297
88893
29893
20312
67600
93625
8587
97890
54685
30099
3622
96711
35311
57543
10133
56115
3995
40473
16887
69960
61226
59333
62540
5509
8464
89414
14923
72958
37548
28580
77180
74953
17257
86751
5156
28591
72202
33535
81918
72150
53004
85832
53786
30055
46416
67019
17112
30458
88749
59153
86239
50647
47263
68767
94571
30785
31833
25152
53230
71717
78534
16958
1743
40166
5408
75176
38224
9992
77916
87247
39282
15905
55963
65450
12660
9303
97809
57694
15043
39775
92993
61267
5032
7302
85274
35013
90008
39478
38684
74311
54318
90845
76564
13321
96647
2135
7805
70988
76079
4707
19689
76501
96185
20518
13312
47855
74483
28692
67069
61398
67682
79811
35984
62427
8949
28068
33560
51522
19004
86917
35933
69250
86317
73471
21461
24590
30110
86610
52899
424
81050
13966
5526
31627
41160
79782
37041
26350
4748
51460
11161
99871
67459
31678
40639
44921
57063
73619
91088
22198
65508
58478
7003
9976
15028
38084
77152
77203
71679
47779
11584
28888
54369
44371
24377
45721
97320
98982
90048
68579
23952
87119
33333
62338
79229
12480
65406
40810
3452
96993
38000
54763
11730
69419
58912
88841
97098
44962
40179
28749
92573
88458
8899
94790
16833
78702
16434
51432
78398
86665
68474
23093
89640
4708
86387
65535
22704
14258
41649
90272
97230
14887
37998
82577
55955
45377
56655
17334
85827
72381
28760
21846
34159
99187
28883
31321
43531
33933
43248
55818
31572
90118
54331
24522
46405
53592
81003
8044
68687
17164
92288
84949
6015
41516
17189
35155
43732
1673
6065
90904
99201
21963
76095
4453
16497
88552
75961
88912
94035
81218
86900
59378
54361
46174
30621
32062
53059
1824
25654
40303
4533
17979
28140
43804
85165
49466
12257
32598
93512
22862
14087
69355
60310
12870
34926
23943
97462
57052
13852
14953
92946
71071
69677
56914
62030
81884
75307
76648
26503
98571
31582
65712
14978
98744
88935
5363
33292
62103
13693
82248
10439
71015
93095
93601
78486
43162
51607
32420
81598
64936
8920
88749
18668
73902
3179
8510
3716
83
20802
679
41465
73926
13486
57022
58468
87723
69453
84659
63673
72530
21420
2776
83404
19108
66831
79084
73162
10821
71529
26185
94030
69655
95154
59088
14197
59970
31994
83797
10907
10762
82872
53400
20320
57752
95432
89235
33631
78308
93556
5846
80340
13420
98291
86862
91354
67782
47347
89241
91419
5111
68134
85931
55062
16186
45943
19233
88833
43756
31861
42740
73691
77611
1438
57563
59921
32151
18556
84797
28270
18551
71081
40150
16477
94717
77932
42008
93576
89006
56915
2986
70494
26272
24772
4031
3732
67860
35557
82313
36315
75371
69009
5669
70191
99795
48864
50857
88915
33865
49767
78615
93720
53096
19184
96095
28378
20246
30418
19232
25297
39167
32148
8722
8508
205
4191
39818
8944
80659
15805
13542
12776
69681
90652
64980
60610
87321
44661
77095
45678
40226
75083
16936
46695
32408
49921
61985
38692
95341
47088
68393
57622
16357
78754
87706
90311
32422
31490
68055
95361
83575
54556
98039
60426
96188
80007
36638
25203
17777
93577
97395
75128
40657
55024
13946
95030
3347
36671
29247
63939
95089
33949
40968
25014
85830
27640
15454
79261
4385
47978
73173
1411
8374
43467
46999
70480
42831
21170
22987
51314
64984
37647
47527
70358
45715
21228
16612
83585
18116
57134
55107
50806
46901
7379
93404
85265
79521
51910
26303
66663
36979
83728
71374
14092
24750
30422
40646
8838
22497
96487
31448
18732
50366
83114
76806
68737
75354
93872
7030
58343
34708
80218
67771
22213
92696
85462
29640
64426
71471
97006
71669
23693
75567
3167
95131
22370
89009
4458
57944
30450
80747
972
87186
43724
87702
90041
86386
65369
99543
72074
43606
79439
64134
78492
65762
51419
97624
21097
22627
65318
2045
56185
17569
59436
79674
17398
65151
84041
90837
30061
94095
63840
97089
33251
56545
35698
51196
61659
43080
55895
63341
14943
79186
49434
19239
12918
34899
56195
77651
87132
44649
81096
84183
91197
90201
26096
77281
86982
62191
13810
42056
21360
93094
86447
47295
38888
58852
77377
2907
8857
99377
30668
52149
22193
59357
68467
44315
87227
93673
60814
76663
75428
85181
6273
88430
40089
42612
23639
97087
85302
12182
29056
32852
58523
87860
45662
68044
17989
72398
8788
85310
96678
50879
87568
24020
22599
73471
71603
23122
41998
74431
35840
3867
59124
213
19164
11468
78921
24710
91685
17634
78468
23065
59027
37503
86959
4772
59567
84552
6864
89341
55193
84533
91407
57614
97687
79424
38119
23820
36788
19524
64311
35496
4734
39468
760
96677
98545
69379
27200
38609
92089
31524
86233
2257
54332
38811
23572
2170
45132
72050
11997
7495
23470
20548
44051
39289
77711
53715
6827
82204
4316
54741
82960
44212
96483
64763
19860
3313
28459
71977
37108
74636
22862
75945
83326
34195
325
53827
60889
6608
13549
99201
16968
60275
19239
83866
31050
10102
29820
59586
37468
58085
69992
40964
87406
71039
34220
39491
44522
341
31714
11770
11926
38236
41263
42286
97794
40039
85594
4934
93415
77117
86094
80913
23297
56741
11109
87881
60785
83622
26641
12256
84957
87747
62345
86707
81016
36714
69432
95949
66082
92781
99260
42824
64136
42572
36318
76311
18085
78668
82616
30329
56471
93987
26963
95813
68122
77710
31364
66459
24411
44748
4365
72266
57141
37119
16480
90256
9835
51731
10973
3931
9269
75833
33755
30930
38565
15972
19738
24304
17641
58276
4017
78136
4931
65863
55544
95070
92271
70028
96878
41228
28007
98911
89419
32275
51992
90728
8570
99326
62469
68216
71188
30101
34746
63517
69650
65912
79020
83324
28668
91171
63762
40321
5870
62212
1211
88142
93395
39327
21383
75027
82096
42875
25157
4311
3618
84392
58174
41516
11033
18140
40245
90413
87057
10040
21089
3028
96940
25461
69454
53208
36073
39848
56969
61243
62582
31608
49777
19654
73049
33757
26112
70722
55137
36067
70590
62429
35729
73553
63863
59279
97426
95831
39231
56097
34971
61974
88010
76340
84671
47913
10357
57750
82659
41397
20767
45480
92432
54605
3901
96545
49065
56372
30764
43593
98580
53742
65158
99328
12117
4908
65949
49618
34674
6061
22341
98176
50320
43824
17205
4808
62346
50163
60705
70681
51609
44424
74562
78425
74399
95952
96722
80555
40936
32002
73741
91632
43916
32083
94755
7637
71076
81009
89333
48447
30113
62347
7968
57681
29791
81524
32060
19179
87417
44436
57275
67679
66577
92237
47869
6197
97775
58862
67364
21094
29362
56050
83040
30811
93240
7441
70193
69404
61173
30411
80211
34255
62904
69781
6770
48123
56323
93037
20808
61712
66567
19979
55820
83076
66236
6730
35637
68160
21550
99529
2278
70170
4382
91298
69378
76270
45252
44638
96266
62015
3710
53896
8645
85757
27089
81244
7906
43474
48194
38155
12606
82437
16424
74495
7515
64234
76659
17797
52249
50751
33802
17455
54699
98524
75028
53083
5040
86632
30556
29254
16811
734
99377
70516
71987
65651
3245
2794
31053
81550
18641
45573
19056
78329
54997
28296
51996
96943
47311
73798
21925
546
96512
42177
41089
35724
79125
70012
4227
10838
87127
96592
60022
24346
41521
97801
69241
14572
53398
70823
12411
17579
62183
11046
47571
17601
70669
71794
30841
78620
30459
93526
89221
72730
41702
29449
29945
52476
83531
93014
66881
60085
37198
8837
44135
46351
32151
31950
35413
13949
55846
61286
71789
78451
5537
32274
47433
47100
34746
46955
36270
76830
63624
80195
19266
63398
4039
25003
37469
60191
53690
67251
91084
2706
81904
68222
91227
65280
45332
57081
78116
9930
2026
82003
70573
80672
72148
5837
25461
48370
21187
22233
81951
23587
74203
2189
71966
47585
952
35236
47421
59811
41574
76933
68932
71134
32908
947
75828
64741
86183
1825
21393
35153
69786
86031
34952
44824
13313
1311
9286
41806
55907
60657
9951
69422
92250
75542
29575
80254
79707
93153
8267
77745
26553
2703
21710
8204
83071
49105
72612
52620
26358
11005
94429
89404
64321
74379
94223
8743
18733
36697
30592
52513
66205
65841
53863
37792
3243
58751
90905
13024
33997
82167
93118
19950
62731
55154
20453
95117
71734
66247
49975
41741
51509
21821
29476
83379
19990
86160
66480
49984
8945
76484
8982
26677
22445
19966
65375
23910
2877
5561
53911
83742
68290
26622
61854
49664
70354
81603
43808
7569
68302
69541
72616
49988
96263
75812
82390
23531
55178
21107
99978
32310
31192
8114
95537
71706
34184
18736
49297
51105
79926
94217
15285
90456
12919
90036
36370
72389
11407
28220
10884
30412
51635
76508
13851
87860
54108
9079
14608
73994
43239
52315
24575
7758
56856
6974
35280
30494
26072
81055
30618
24018
73079
77297
38394
43896
63512
31235
88927
14159
29058
10174
36484
84837
24424
38600
20238
2700
65502
67461
22701
70366
66687
5
82852
25589
9241
49186
77241
10290
49708
77989
78033
45301
38719
50896
43065
19375
29115
10010
61498
93634
16469
81217
59050
4363
17197
13916
6940
91980
26502
61962
55446
47572
65926
95447
74152
14219
57201
15882
84367
17964
70783
30646
80164
54601
46168
37742
86843
44532
58996
7435
40279
56468
86281
19015
36121
14477
60479
49516
92757
2006
21051
11937
88274
10034
56791
57105
70129
58536
78464
5839
10633
76483
80113
21222
6732
70259
94915
71339
31939
82537
54271
393
47005
35715
18038
176
92731
81475
12718
70558
20642
58352
4595
82313
71806
87616
57331
30644
70762
80143
47770
60225
94304
23107
5300
78735
1535
13573
16034
64662
22854
74534
49379
90937
67236
13417
55481
32232
15172
42143
17591
92698
86885
38416
99832
82113
15844
48006
61398
64348
6040
95159
29822
46847
66217
48521
51450
40086
2294
33310
27899
30907
11286
24449
69392
9173
81312
95387
99389
15931
58485
15276
20704
58408
40344
40342
33877
29758
55142
26558
9525
15040
31552
33838
88450
16246
44580
29138
91201
62135
14905
45376
75526
84229
31177
86331
29617
31460
85366
39368
62212
27102
96617
13232
51649
93048
24226
14662
97820
23505
96549
70074
48875
23600
98225
41940
4863
14726
17697
64584
34083
13230
39393
58073
29604
7476
99598
9199
57739
11028
97674
41206
96354
52349
93454
68439
98375
95493
23691
20882
37639
73052
93079
19053
51390
11205
26703
12048
36851
78028
25888
9110
20284
6728
49021
31954
32385
82911
11073
46771
42378
52854
95160
99191
91774
35876
3272
18527
90660
21737
1397
65170
42900
97725
74984
94256
85408
38935
62673
44002
63240
42405
53132
81422
21441
86186
15721
12693
20593
99444
6512
68357
2897
34632
88532
10764
40919
90326
53436
57785
71713
38151
45019
85887
4031
529
84406
59657
70931
13241
67339
16343
1472
8480
23547
94002
98618
86804
89474
45530
73257
45900
74738
6908
77125
90839
2988
46385
9735
50431
37264
3507
5141
10964
32010
75099
15175
14574
89812
27190
76283
86748
55296
2140
99753
1218
22989
57056
69859
788
49806
60408
66370
62263
61943
18810
21985
74510
80370
78392
61991
24794
52485
67486
28711
32788
26399
17406
4226
86632
64855
43336
91035
21405
74794
34996
33366
29804
18185
71025
44197
69794
49093
46281
1349
42737
52905
85488
28112
45030
76145
83909
72723
86213
14687
38848
1555
36651
13956
37889
29439
36258
45762
88339
6050
53569
77891
80416
81928
58414
96056
46640
27992
75720
53947
30783
7348
37440
43953
48104
48846
2576
2501
9465
85115
41854
10903
95105
89258
80483
49890
20904
93767
43298
72485
49556
91340
49353
51166
18450
28213
7985
13757
92439
92776
2040
63976
65593
15374
30686
14013
3820
87968
96626
65344
74562
25204
39002
99687
65875
10174
85359
88956
48551
98711
40718
23022
64142
19598
92741
26365
50022
91969
55720
22967
7465
49069
1402
47159
79872
64822
11193
17070
48829
89641
77403
25138
47177
88707
47599
48910
95171
48906
92654
26773
85448
33076
37970
40135
66037
31660
78466
17914
28349
88283
22975
61842
75180
38270
28582
57341
4047
55666
56569
87417
62044
68503
12238
49555
83292
21006
52426
85215
91417
70589
33612
58201
30641
99869
78526
99262
72563
23766
6351
14662
29368
66151
67382
95010
12704
77527
6167
60250
40108
68013
91627
64128
68891
3125
88248
81219
32437
25373
33753
33999
10618
91840
59581
86382
75290
65336
56213
47844
65517
56868
60658
30539
99071
57329
8643
12788
94333
24734
30509
85225
83200
2988
44280
18485
58093
99735
47012
90420
1661
56294
48830
73873
63957
73581
28329
29425
43522
88755
51655
78240
19355
43498
70490
1552
35246
86677
94096
4312
83519
5731
88363
38028
36780
36073
34914
21807
30748
33817
31182
51886
49737
82786
31385
4053
33840
42006
50828
2883
35770
55439
71109
57749
4085
96236
89610
8768
76181
67963
96522
94288
70632
94044
42889
11290
92735
27045
52574
10405
91199
90144
79236
50944
44625
93858
3515
7176
29257
56949
45364
40863
59099
54710
70361
7300
43761
35526
14847
69633
48055
77811
72814
62171
70272
59170
64020
3639
37755
16870
72403
92050
78128
79796
52303
80942
61548
21639
34085
70824
91877
18430
65686
1306
33857
15826
60457
42884
40392
76688
79052
44006
87102
72474
35514
97779
96811
1721
85676
31768
45892
84493
67511
87657
27986
58241
88652
41719
85502
13848
60
48135
3618
71479
96225
89208
3136
30701
73148
48831
3146
13031
35334
64728
92621
12927
8726
88233
527
14396
92180
75004
29011
77101
53344
98281
92187
98374
58993
37036
31520
60294
26936
17439
63366
21129
9558
84546
71875
36381
38037
3131
30787
51162
86085
50267
90550
56091
77218
5347
65637
57305
51054
67541
93289
46989
41662
3103
53182
49534
61495
60751
9804
14799
95225
46998
51525
99289
11750
69166
31022
23881
91326
32292
72720
32170
63067
16919
73575
40946
55476
82683
45234
23941
25053
61737
4972
8599
49898
20684
74931
92659
37770
70634
65452
77901
51690
88843
76677
19067
33529
31564
28643
15557
48705
27400
70205
56816
70629
22392
50014
13821
29308
27130
25521
89303
60113
98250
24624
86461
16419
69849
48975
71102
76168
10220
45334
99269
10577
46425
28380
52294
5622
89182
55190
21564
59853
74222
95966
96445
3024
12515
49677
35428
27536
25601
21420
82446
31560
21439
19977
67808
34707
33001
40917
60916
30054
86223
1484
605
4954
1324
53625
56989
95532
12162
48482
21290
5175
77921
78065
33268
27290
61906
6961
51226
99442
92626
42187
23905
94185
59809
94342
58367
56406
24003
87070
65117
89833
31101
98475
42662
29362
11483
40031
44833
33550
6588
99746
52175
50483
12946
21471
5115
77709
65803
10530
32451
41765
96731
65789
18945
46576
38316
73899
12706
27019
21754
44027
315
62709
66325
55045
9209
9357
39035
42548
40672
60044
30767
41841
7387
81271
67480
58008
68988
69383
98539
56882
2999
67833
90092
46738
1808
40459
91328
31849
8750
4323
15831
90714
53293
31038
83206
72585
93708
87064
4088
22776
38200
90139
27463
60740
93940
46894
46855
55181
24179
44969
16990
93556
67701
65279
49643
55540
52553
88860
98337
85157
965
57553
72535
82597
21910
22820
45823
59308
72659
54268
93698
55755
60396
88072
51283
11394
85827
16890
9091
65374
82545
80641
38338
50398
28501
48732
13605
77936
6998
90338
53416
62645
1329
75239
53220
2395
68088
29138
35333
83925
99005
59679
31186
32589
34525
2490
74753
10375
60616
67828
3311
24043
73079
34862
26354
54002
6532
42965
5026
21415
89776
1749
67332
76961
4724
24497
88093
82214
52378
79305
60631
68373
46070
17562
26146
76853
23538
68638
91654
86046
75628
25992
96569
52476
52656
61898
38085
77683
89699
30059
23957
8700
77113
8652
18897
36401
26745
9890
52165
79504
99472
47195
35620
75975
32621
4084
85729
81560
1937
46404
47663
70265
40634
61046
7861
21546
51415
93464
76691
481
60130
20860
87956
30029
42438
11379
67042
74604
18400
83566
1166
12470
47102
37381
27056
41480
24751
99088
30218
33381
18396
7120
24155
96053
78956
26010
67469
82586
67939
28205
28901
67235
35101
55841
26982
54397
64881
20315
3100
7349
41847
47852
26822
46082
30663
7308
55066
1690
80199
91212
84564
74078
15973
45271
48588
75891
402
99185
73220
98525
34936
12665
32407
70416
55248
65090
2564
78121
20582
17172
61139
36050
59769
69183
3548
90034
72129
56927
93806
65794
59494
55529
56498
14148
68254
24024
22206
45829
86593
28461
43556
73871
16989
84428
50648
55513
39922
12906
90028
42919
27225
3502
67722
15407
85465
78276
83625
5426
25546
96504
75676
90308
71269
29775
84505
57982
31018
84174
91645
3344
12936
43599
313
28697
84199
49170
63271
65466
18993
92262
94231
12017
80898
55759
49156
77423
74254
72260
93613
3582
95542
27866
12570
66064
56622
58310
42119
42688
49703
72498
35286
98733
44744
74581
3607
46665
94109
41484
1761
26837
31456
11612
60069
79055
14481
85967
78003
18552
92730
22693
37373
88611
30611
33894
29574
69650
55383
11130
97211
5849
83468
84533
39990
75174
27795
84856
68648
68362
80235
48948
55563
45444
21908
50489
80304
91385
80953
61926
27674
96421
85275
35991
5455
19427
1310
53057
65397
10962
23160
73679
62967
9050
90859
94805
30505
13720
74324
71618
97374
17615
83278
10797
21190
2855
87141
67889
24822
1731
97692
36132
16773
4455
88571
93597
68817
70107
58251
92935
32696
68144
40042
78239
44008
78071
55998
4663
91041
28733
20812
72457
27915
86384
19530
43564
12128
79962
77655
7936
75818
9138
52191
75521
26084
15326
64566
93391
41838
5997
64405
98681
51662
20306
85457
87483
42824
81827
23211
72032
14100
33533
86954
24625
13844
18356
89151
37098
30889
72559
88893
90659
93726
41628
90368
91291
8603
19885
16925
6392
44306
39619
1095
48994
44663
25889
87972
95622
79847
77655
21893
62851
67121
75200
53252
83730
58307
3970
40594
77800
48262
62282
56337
26673
60726
2605
12990
33088
28176
83788
27833
17162
99343
10023
78643
98315
5858
29201
68834
4499
83324
97304
63573
4250
87203
24859
27762
98072
18957
60298
18536
90427
1970
76121
6148
618
86155
78468
67605
11008
37860
87071
4690
36703
69911
50041
4237
75222
4339
29940
25435
38981
12690
21028
75490
6658
64726
61504
99685
77089
84842
24791
8934
19154
44152
45
17967
95436
44300
39950
13637
18615
65930
61902
12868
1710
83712
54815
21433
93304
41142
11783
79499
50634
54586
25541
16898
82965
63706
39655
90004
8544
15167
40336
14580
7847
7441
71536
31387
86240
99755
338
35212
39968
28739
9953
37879
45587
44603
38462
57624
61902
41429
69170
40328
95258
80675
97850
36436
72921
64127
46150
32356
95827
19611
475
37315
83891
41119
12595
88599
52185
78913
24803
41201
88212
13698
27126
50488
90786
1606
53668
25885
54135
53075
45668
3385
10704
37737
12638
87451
33259
35384
76566
32662
23971
44734
73699
94278
43513
63132
82938
72611
48174
68342
78706
32494
33639
72728
43894
44183
14311
14171
39019
34709
32739
6861
86237
6285
18625
12087
81824
92053
77402
43241
64577
33426
86330
56704
69371
41477
94285
48321
60546
51919
4129
5500
33454
29021
62754
56640
37251
19879
31914
68076
82545
98302
15584
1670
43007
46583
43247
64950
4768
22431
52998
59231
55643
13571
19229
74474
23650
29898
80417
62733
52937
38986
36887
13015
75129
15129
82745
51397
94853
8064
52172
75909
56364
51106
59433
84678
85198
28769
57173
43828
90279
34525
89987
19610
95060
15037
75141
72329
8060
92788
4436
51061
78121
25520
58914
89938
92606
46100
38762
41280
21437
93781
72390
89131
3536
55134
39214
42897
27195
6534
16078
15540
957
91689
9421
78786
19446
69088
36512
96891
15372
44620
64241
72621
9039
76920
52201
73455
94122
9749
82544
88936
80003
70047
15044
71007
98999
87616
58080
42117
44024
79758
97467
35289
86230
89834
81866
4948
65928
50743
81520
55552
80601
38986
85872
64910
94134
67708
77630
74375
47633
17988
33555
50574
23273
59682
71240
40577
4455
57663
79951
25852
78889
97400
23002
16193
45479
92975
95256
36589
56005
31785
31892
99818
84694
59159
97471
64467
65061
31638
61875
18383
22301
95521
88152
2555
9183
91428
67135
88286
487
91410
96031
49687
73492
78876
43854
68979
11287
61103
46841
56637
37937
85819
27968
83893
26418
71227
95504
82773
33285
94859
69596
68713
48583
7358
46239
15602
54944
78104
95650
26247
31858
52053
66613
99816
16516
97471
71441
21259
38045
50189
93397
3158
96144
29083
90000
43344
85677
44491
44045
56258
65132
76153
25504
59015
76320
95206
53095
78180
9772
2997
22963
37704
73162
14688
99100
81500
87427
71653
73724
46877
85395
15144
53875
50677
11260
77823
69848
32161
36707
74686
41988
86231
72730
54682
92327
15979
34758
49085
82938
31982
1909
13275
85355
31447
81303
86893
38446
83005
61122
58142
46659
32122
4694
57668
91726
14972
62952
28411
3634
42598
9228
49425
21653
37656
97638
77573
30125
57412
24415
19816
88348
11724
32551
53163
44130
95316
58638
38450
27633
10698
65889
23858
79550
8207
36519
33749
94667
60733
44984
2503
4394
27475
42846
21902
78778
73260
39188
16712
98658
43042
52392
26822
34569
70473
72427
61039
77451
63981
92423
54833
71867
62086
74451
16529
18017
68607
80728
71370
20371
31497
70872
9467
75823
43060
27780
55373
93149
64999
6583
39516
38398
1184
93669
9105
16663
92473
84718
46103
74411
41794
3301
5738
9268
38060
65411
68209
98303
75965
4782
62034
97343
13522
86994
4015
20643
78927
41541
5818
1834
84979
40183
7157
87001
3319
14751
70414
34452
37439
43452
35477
16641
58267
38631
41116
43352
40697
5084
78967
68647
45466
95963
51743
74951
51880
39048
6195
16078
36964
56601
59008
12949
81876
72459
49453
68536
56193
37623
59861
64951
92358
16796
74560
34164
24856
91187
26414
36765
42514
50798
7151
37151
87610
34066
85569
7118
77997
30038
52164
83837
17205
18454
5857
23571
1425
6666
61792
80538
19503
89160
44151
70217
12697
54350
63338
51370
45344
73740
71205
41935
28012
43152
1099
98510
9833
20680
59591
12671
8821
31516
67854
76825
75994
60212
13811
97172
94801
49366
68403
34369
72818
36501
12459
43212
37467
53748
40273
30305
30370
63005
67021
79403
73632
63848
29194
1007
92239
59546
51837
60540
94316
65919
16874
45550
47682
48832
17483
1605
72700
38295
63382
24025
76366
93996
58847
60612
3710
74866
41874
49176
63089
37489
32561
98196
75138
97881
65757
26053
3374
31277
60206
68895
78376
58978
67581
4637
90794
36483
15245
19501
92256
38458
6441
76656
79200
54692
60799
32667
27867
90762
71603
2519
57601
24799
23
75808
2260
80182
58039
57859
52329
69884
54604
74974
17624
81812
62052
87710
21462
65999
55282
34525
23931
4532
89450
40684
22750
26287
63506
51063
37301
95401
62919
85409
34123
83091
74046
66881
95795
3781
74356
30814
39099
82184
85603
61734
56277
62531
31115
19673
23821
1487
73026
34016
81618
76679
30608
81220
35818
12382
68041
12212
93400
15105
80407
96842
68012
62558
1510
23100
15674
27073
17562
61804
85636
23031
7565
3784
17329
67379
22381
54356
40969
49849
39958
5032
55660
78117
97442
734
37628
35799
54671
69416
33729
85246
79051
31674
98591
61317
7585
56586
53442
37724
39036
44674
85886
40779
73869
25893
8197
32120
42817
81509
90278
77433
63262
90231
47439
71096
70774
55005
17595
29165
28789
74382
37551
72520
3486
70675
55067
38803
3147
58253
6126
20889
17227
7838
24884
9379
51665
33378
77316
29284
48307
5357
52585
2383
98056
25105
47875
95071
82188
17051
83120
6741
61752
46021
62647
20696
47573
60349
74538
96172
60768
53820
2314
53339
12263
88297
82356
78827
74687
40767
40229
99537
95005
41611
13207
72475
11393
11533
95900
24422
92515
92536
462
96974
38574
59259
87012
20769
65816
81008
15885
59095
46064
97174
9640
60255
94614
87491
33999
27427
51898
80439
48179
38434
45118
85536
87554
1446
86936
38854
46845
71930
14614
79212
25683
98694
15582
28470
56197
76787
51902
52556
28802
37380
58659
88434
76780
72340
2667
63833
22598
65246
38312
83756
75013
46369
78552
21163
67436
53484
66875
74415
56015
54064
26144
25163
50309
27685
39523
89680
31811
64431
17769
12350
66838
41701
38579
46109
3024
89307
8776
85073
57254
69414
4614
73944
66926
67629
3511
84018
28610
6147
39485
28415
45686
54495
55674
72988
48723
78079
32334
27515
94819
35492
99739
62893
32485
92386
92320
81508
81688
92061
12820
32559
92088
78687
30633
47319
25003
88923
93198
78748
15902
12698
7436
60970
80481
1449
73790
1452
67250
79966
12095
86887
66323
65803
31809
84783
89089
7397
78002
25953
66293
19709
61370
79226
10135
40522
52753
60502
94817
33657
58356
97634
71671
93371
54522
33540
61386
60313
45803
41037
2290
37855
25961
46738
21594
16867
48843
94657
18018
36303
96997
83464
55980
48985
95266
94464
51338
36801
95474
30926
93464
10377
70842
10116
67753
49142
47831
65615
91327
63570
75776
5295
97833
16358
86290
2620
38248
22243
96007
89511
17867
78848
13563
27949
36520
10976
67024
87001
49327
54568
33502
27432
50038
90428
85738
97458
61850
89942
75725
38284
97980
98234
59021
50428
29396
78738
65590
55152
27219
61196
5176
74092
98805
59243
50633
6621
78521
53622
58571
25975
91328
958
24193
6658
46342
2861
77806
85419
26486
39271
12554
26612
2151
45714
50857
91098
27019
65571
13784
81270
55138
93634
31692
57651
33685
18265
79732
36305
70585
58211
30674
72899
70770
15674
21206
61975
26453
28190
94684
90167
34243
3585
69851
10417
54463
54920
80840
70102
38683
91295
27411
12323
22975
89598
72778
14992
48099
86050
39116
62904
61541
18966
50612
64936
7223
50169
27965
88695
4038
20048
30065
52097
68669
97345
60966
11395
95360
79055
57585
93130
33411
89065
76331
80672
63146
88813
93167
33475
58456
49069
51209
8961
20521
20407
18378
99036
63889
60651
64846
62029
23437
38839
22976
52977
40850
17851
73385
2214
67305
98811
31837
65345
65117
62792
26511
92490
33993
78861
21938
48093
76208
46853
69306
66329
38676
46078
37855
72730
65398
40160
72820
13647
92860
27571
24939
22390
72225
52327
541
41953
80954
97835
51408
28927
85788
92183
47562
25106
53623
71358
55392
89503
7047
73567
50580
38083
62145
77271
18896
24880
57309
54138
5817
57841
10444
9739
26702
33800
6366
67322
11622
2718
39533
50885
90238
6947
61165
25553
11331
10160
38899
92201
28523
89493
28007
35393
5156
84204
74156
38057
33863
39271
84310
70343
6676
21828
91842
52363
2298
36855
26462
73203
99697
22732
14575
99928
45794
4001
44385
59505
8568
87827
57839
44246
348
8103
69260
95776
96435
11735
25783
21334
95002
44312
61191
9350
35683
32755
41473
1268
89023
97346
63480
15471
76439
94945
90052
79530
78789
20382
93032
18867
85144
58643
45830
35028
19284
40741
22167
31305
19739
32118
77116
82772
91380
27496
38406
79511
26388
55770
33459
14831
85663
96829
57171
19158
93639
3268
70587
74780
79725
19909
82829
93891
93027
44411
57711
25668
79762
41198
88188
91669
21882
56676
91584
91418
78646
86352
19245
38244
9845
83975
30699
16104
43154
48033
77229
13494
426
20736
49963
28520
15816
96133
46703
66756
69789
58853
4783
70688
20910
5028
86747
65073
45884
18634
43430
84038
98277
92321
11166
20551
83871
1270
80911
51030
23279
30827
65485
82595
58803
45735
13860
95429
8768
85701
54120
74046
8585
27751
81582
43722
67860
4367
50319
62971
26723
11145
29560
22744
66863
38875
70571
45087
18360
50954
37681
14560
11278
39504
40181
42589
72666
65794
38922
89898
64388
62811
26191
94917
49718
23747
70533
60134
61602
2305
18352
71223
98149
55257
26497
81029
57748
77791
32309
35063
86490
10772
69077
71448
69429
57124
24634
24730
8197
33573
4554
37570
25825
68847
92538
56517
71443
98271
59673
76003
33651
78963
32268
54871
69537
5091
36605
14243
64934
3957
59960
60324
58782
72216
30558
96314
668
262
55671
60580
25936
25322
69601
36089
93057
32266
60007
34962
52173
78490
31830
19712
50658
20998
91284
81094
49697
81910
78946
26206
78525
90306
93037
65896
9885
87363
86557
77562
33903
25280
99575
35864
49176
94013
86000
24091
63835
24748
21900
89143
74498
74109
72897
82727
98661
50246
66125
71616
86011
29374
66313
54961
4301
81394
37455
70563
57578
21876
59072
50709
96029
46788
57708
80164
32180
81040
10863
79912
617
61412
58671
55110
69548
56427
24692
66926
45560
58790
42273
52784
50889
58254
18764
29575
66437
6418
67017
27027
32368
72017
72559
96282
53980
9335
68851
78034
61340
4071
88692
27408
68852
79828
98246
5013
12972
9486
14176
64053
28041
13256
79411
90833
30808
23123
23469
24116
55858
35423
81248
94224
29355
79868
11204
39555
56606
4569
43662
20235
55517
9175
8409
58850
19139
81631
49796
97862
98570
9649
48648
50561
45224
50647
61893
26237
80881
82734
83893
10469
30196
50365
15838
19755
35694
85801
49826
95078
52897
9392
25003
668
13412
61199
36348
34797
37738
70456
45581
49549
79407
58411
30194
65425
98705
90006
77728
48238
50217
49985
76583
46935
13251
87243
57341
27909
26821
42510
89112
32895
51776
89455
25455
55513
76083
99509
24837
40616
29706
9392
43708
62032
82246
94248
58711
81986
92453
97584
29749
88546
22203
84715
42788
61633
82753
60197
13350
6035
14453
71534
77351
47793
45618
35455
8336
10515
40724
16938
42371
2279
70504
94976
72692
94967
25558
41383
8311
49848
19481
12625
86531
38711
59569
27945
26999
49780
36209
87901
14198
2677
34095
8445
63587
87668
45802
32868
65861
84799
10504
80106
54024
20646
62303
80158
26537
51810
45916
25803
11403
47690
83856
78027
71173
36354
56131
42644
49855
31000
6691
14193
96700
20356
55498
81689
92026
56962
12632
12039
56433
17665
39003
42109
12913
99611
47080
18023
13515
16911
83468
21879
28494
6719
42861
83545
24613
23634
8161
18198
55848
58874
65685
36778
2307
9909
362
25495
57085
49838
94510
22688
77440
84557
6575
16040
67358
97357
66049
21459
2933
14157
16093
44656
97295
51619
47157
18709
75422
4091
96936
65953
72644
24365
68233
73347
54900
89380
26441
17785
16112
90937
98089
1445
58202
2278
80362
40616
83544
6899
68873
86842
83604
23985
83525
20370
95366
607
93547
65543
97959
98263
83549
58646
52399
75709
45870
65190
30993
69757
45998
10297
40901
10500
10726
33005
42735
35347
81334
10721
50613
1142
10151
33341
65917
37980
16014
67860
89606
67032
33449
26580
10097
49906
39624
61161
69784
7385
5744
56290
37353
5651
26891
69
34692
21154
4567
37685
51091
22360
13690
46775
34404
28795
53030
25525
65482
34252
56278
93303
51651
54132
90081
76177
5122
22315
69107
24083
79051
29302
33011
71276
46072
30776
8519
63720
83764
44898
64442
66055
45655
8727
88096
27290
60719
87813
12396
55755
35965
10533
85305
23780
84396
30808
3293
77538
21868
23908
19584
94222
61490
48132
68058
67660
41826
29360
46177
55505
63798
11905
32147
6309
30454
32237
61674
64762
82271
72024
10110
71266
54338
32540
67237
13682
49782
57455
87264
75089
49480
43388
92958
33736
5115
32873
52120
22349
82988
42902
64743
7663
7011
49323
8228
28333
87321
77385
51328
16958
38345
61525
5814
45443
56061
36058
8900
74524
30365
18498
98171
80768
99109
5711
82159
36644
22235
88161
60831
74068
18276
47503
54727
87021
2359
30590
11635
96231
14824
34676
46319
42510
11210
75075
48028
65876
13701
23441
69660
18923
56925
50049
22844
73076
29180
54814
21759
39506
27734
25395
90994
81492
56967
97610
7412
19204
56212
92796
21098
20361
55705
90349
14288
91745
73876
73859
7939
91856
16213
19700
77269
82763
6143
68856
81995
68426
43289
25624
18852
50336
21282
43179
96682
53118
73673
45037
50523
76727
22561
8193
29487
13032
6507
26618
76614
93991
46825
38631
12280
26482
69445
32659
2345
88377
78806
20506
76380
64438
16884
60512
99583
13055
41125
93928
56870
44092
27968
39476
2909
72917
68155
74577
86071
70361
53879
38417
65600
5890
21347
35159
35585
79852
3772
13848
94651
32659
58256
60044
33763
36610
35511
84042
42347
93532
87661
59969
59965
39740
21531
43869
1343
42107
88298
95391
5041
9669
63859
76670
16892
1495
328
40993
87536
78430
91414
61947
24395
2180
14690
81097
37512
74329
8082
3037
67995
66043
93577
87339
74499
5598
37515
26368
37091
79546
2996
33148
36228
89529
76132
87271
68046
14217
78515
34642
79030
23121
94256
3069
90560
50007
64018
33479
78276
96453
50666
22411
33183
22046
13302
75874
17036
51077
33024
53162
15389
92399
49434
57967
