5
12
23
25
33
45
47
53
55
60
61
69
83
126
143
151
176
204
205
213
218
221
225
225
227
262
276
295
313
315
316
318
325
326
326
327
328
338
341
348
362
373
393
402
424
426
450
462
464
464
473
475
481
487
491
527
529
537
541
546
548
558
605
607
615
617
618
626
641
668
668
679
698
703
715
734
734
734
742
746
760
761
767
773
788
794
831
848
870
876
889
893
926
929
936
947
952
954
957
958
965
972
991
1007
1043
1079
1095
1099
1099
1101
1105
1118
1141
1142
1146
1165
1166
1184
1205
1211
1218
1268
1270
1289
1306
1310
1311
1324
1329
1343
1349
1397
1402
1405
1411
1416
1425
1438
1445
1446
1449
1452
1470
1472
1484
1487
1487
1495
1508
1510
1522
1535
1546
1552
1555
1605
1606
1616
1618
1661
1670
1673
1678
1690
1710
1721
1731
1735
1743
1747
1749
1761
1762
1808
1820
1824
1825
1834
1847
1867
1873
1909
1910
1937
1954
1970
1975
1979
1988
1996
1998
2003
2006
2026
2030
2040
2045
2063
2075
2135
2140
2151
2170
2171
2172
2180
2188
2189
2190
2197
2214
2257
2260
2262
2272
2278
2278
2279
2287
2290
2294
2298
2305
2307
2307
2314
2318
2320
2324
2326
2328
2345
2359
2362
2369
2370
2371
2383
2387
2395
2414
2418
2427
2438
2452
2475
2490
2495
2496
2497
2498
2501
2503
2510
2519
2521
2554
2555
2564
2576
2603
2605
2620
2656
2667
2677
2700
2703
2706
2715
2718
2740
2758
2768
2776
2783
2794
2812
2829
2855
2861
2877
2883
2897
2897
2907
2909
2915
2933
2972
2986
2988
2988
2996
2997
2999
3018
3024
3024
3025
3028
3033
3037
3069
3083
3085
3093
3100
3103
3105
3125
3131
3136
3146
3147
3158
3167
3178
3179
3182
3194
3210
3243
3245
3268
3270
3272
3276
3285
3292
3293
3301
3305
3309
3311
3313
3313
3319
3330
3336
3344
3347
3374
3381
3385
3386
3406
3417
3450
3452
3482
3486
3502
3507
3511
3512
3515
3536
3547
3548
3557
3563
3575
3577
3582
3585
3591
3607
3614
3618
3618
3619
3622
3634
3639
3659
3705
3708
3710
3710
3716
3732
3732
3741
3753
3755
3772
3781
3784
3820
3825
3864
3867
3869
3887
3901
3925
3931
3957
3970
3983
3995
4001
4006
4015
4017
4031
4031
4038
4039
4047
4049
4053
4058
4059
4071
4072
4084
4085
4088
4091
4129
4169
4174
4179
4182
4191
4226
4227
4227
4237
4238
4240
4250
4301
4311
4312
4316
4321
4323
4337
4339
4347
4353
4353
4358
4363
4365
4367
4382
4385
4389
4391
4394
4396
4422
4436
4453
4455
4455
4457
4458
4462
4485
4499
4512
4520
4532
4533
4553
4554
4567
4569
4588
4595
4614
4619
4622
4623
4637
4645
4653
4663
4671
4690
4693
4694
4706
4707
4708
4724
4734
4745
4745
4748
4753
4764
4767
4768
4772
4782
4783
4795
4808
4825
4858
4863
4865
4906
4908
4909
4911
4931
4934
4948
4951
4954
4972
5013
5014
5026
5028
5032
5032
5040
5041
5071
5084
5090
5091
5111
5112
5115
5115
5122
5141
5151
5156
5156
5175
5176
5176
5185
5200
5236
5295
5300
5306
5311
5322
5324
5345
5346
5347
5357
5363
5379
5408
5426
5455
5465
5500
5509
5519
5526
5537
5544
5561
5592
5593
5598
5606
5622
5651
5669
5711
5731
5734
5738
5744
5754
5772
5796
5798
5814
5817
5818
5837
5839
5839
5840
5846
5849
5849
5850
5857
5858
5870
5888
5890
5898
5900
5918
5925
5947
5955
5964
5997
6004
6008
6015
6035
6040
6041
6050
6053
6061
6061
6065
6066
6082
6126
6143
6147
6148
6153
6167
6173
6187
6195
6196
6197
6211
6215
6216
6246
6247
6264
6270
6273
6285
6285
6309
6310
6328
6351
6366
6392
6418
6436
6441
6445
6453
6454
6476
6477
6495
6507
6512
6532
6534
6534
6573
6573
6574
6575
6583
6588
6608
6611
6621
6655
6658
6658
6666
6676
6691
6708
6719
6728
6730
6732
6741
6767
6770
6775
6779
6783
6792
6821
6827
6861
6864
6893
6898
6899
6899
6903
6908
6940
6947
6950
6961
6970
6974
6996
6998
7001
7003
7005
7011
7021
7030
7047
7059
7086
7098
7108
7110
7118
7120
7125
7151
7157
7176
7199
7218
7223
7261
7292
7300
7302
7308
7312
7313
7334
7335
7344
7348
7349
7349
7358
7359
7379
7385
7387
7389
7397
7412
7415
7422
7435
7436
7436
7438
7441
7441
7450
7454
7465
7470
7476
7493
7495
7498
7515
7533
7539
7541
7555
7565
7569
7575
7583
7585
7586
7633
7637
7663
7670
7690
7706
7707
7710
7711
7715
7730
7758
7785
7805
7811
7822
7838
7847
7861
7906
7932
7936
7939
7952
7960
7963
7968
7974
7985
7985
8010
8031
8044
8046
8060
8064
8064
8082
8103
8109
8114
8136
8147
8161
8193
8197
8197
8197
8198
8204
8207
8228
8248
8252
8267
8270
8286
8299
8311
8320
8336
8363
8374
8396
8409
8416
8445
8455
8464
8465
8469
8477
8480
8486
8508
8510
8519
8529
8541
8544
8553
8558
8566
8568
8570
8581
8585
8587
8599
8603
8615
8643
8645
8652
8667
8676
8700
8722
8726
8727
8743
8750
8768
8768
8776
8776
8788
8810
8821
8831
8837
8838
8857
8893
8899
8900
8908
8920
8934
8938
8941
8944
8945
8949
8961
8962
8982
8994
9001
9022
9039
9050
9060
9079
9083
9091
9093
9096
9105
9110
9138
9146
9158
9173
9175
9183
9187
9199
9209
9219
9228
9241
9256
9268
9269
9286
9302
9303
9328
9335
9350
9357
9360
9369
9379
9392
9392
9398
9417
9421
9423
9431
9449
9465
9467
9477
9484
9486
9486
9502
9518
9525
9558
9562
9602
9603
9607
9629
9637
9640
9649
9669
9712
9735
9739
9745
9749
9761
9763
9767
9772
9783
9792
9804
9832
9833
9835
9839
9845
9854
9885
9890
9898
9902
9909
9927
9930
9951
9953
9969
9976
9992
10010
10018
10021
10023
10029
10034
10040
10042
10044
10097
10102
10110
10116
10119
10127
10133
10135
10145
10151
10160
10173
10174
10174
10220
10290
10291
10294
10297
10338
10340
10351
10357
10357
10364
10375
10377
10398
10405
10406
10410
10417
10422
10439
10444
10467
10469
10469
10473
10488
10500
10504
10504
10515
10530
10533
10569
10577
10608
10618
10619
10632
10633
10657
10698
10704
10721
10726
10735
10762
10764
10772
10772
10787
10797
10797
10821
10838
10863
10866
10871
10876
10881
10884
10903
10905
10907
10907
10919
10962
10964
10973
10976
10986
11005
11008
11010
11016
11028
11033
11040
11046
11073
11087
11087
11088
11100
11102
11109
11116
11117
11120
11130
11135
11145
11161
11166
11189
11193
11198
11198
11198
11204
11204
11205
11207
11210
11216
11225
11234
11252
11260
11275
11278
11286
11287
11290
11327
11331
11340
11345
11351
11373
11379
11393
11394
11395
11403
11407
11407
11421
11424
11434
11453
11468
11474
11477
11483
11487
11497
11500
11505
11512
11518
11533
11541
11561
11565
11575
11584
11589
11590
11606
11612
11622
11635
11650
11655
11656
11676
11687
11690
11703
11715
11724
11730
11735
11739
11746
11750
11752
11770
11777
11782
11783
11871
11880
11891
11893
11905
11907
11914
11926
11937
11941
11954
11959
11964
11997
12017
12023
12039
12048
12063
12079
12087
12095
12117
12124
12126
12128
12128
12141
12160
12162
12166
12182
12206
12212
12212
12219
12238
12240
12242
12245
12246
12256
12257
12263
12279
12280
12312
12323
12342
12350
12356
12373
12382
12396
12411
12411
12458
12459
12464
12470
12477
12480
12498
12515
12524
12554
12563
12570
12595
12598
12606
12625
12626
12628
12632
12638
12660
12665
12665
12668
12671
12682
12689
12690
12693
12697
12698
12704
12706
12718
12746
12756
12776
12788
12800
12804
12820
12821
12835
12842
12846
12847
12868
12870
12906
12913
12918
12919
12925
12927
12936
12946
12949
12953
12972
12982
12984
12990
12995
13000
13002
13013
13015
13024
13031
13032
13055
13070
13075
13081
13091
13105
13106
13169
13207
13209
13222
13226
13230
13232
13241
13247
13251
13252
13256
13275
13292
13302
13304
13312
13313
13318
13321
13344
13350
13355
13382
13406
13412
13417
13419
13420
13427
13433
13463
13486
13494
13497
13509
13510
13515
13522
13542
13542
13549
13563
13571
13573
13574
13605
13609
13617
13637
13639
13647
13673
13682
13686
13690
13693
13698
13701
13709
13720
13737
13757
13784
13801
13810
13811
13821
13827
13844
13848
13848
13849
13851
13852
13860
13863
13877
13879
13884
13916
13946
13949
13956
13966
14005
14013
14021
14042
14062
14079
14082
14087
14092
14100
14103
14118
14132
14146
14148
14156
14157
14159
14161
14166
14171
14176
14176
14184
14193
14193
14197
14198
14217
14219
14243
14243
14258
14268
14288
14292
14311
14325
14331
14334
14371
14382
14396
14397
14398
14403
14406
14427
14430
14434
14441
14443
14453
14467
14477
14481
14493
14534
14558
14560
14572
14574
14575
14580
14591
14608
14614
14623
14662
14662
14687
14688
14690
14706
14726
14732
14751
14752
14773
14799
14805
14812
14824
14831
14847
14853
14857
14860
14860
14863
14875
14877
14887
14901
14905
14915
14923
14941
14943
14952
14953
14972
14978
14992
14994
14997
15028
15037
15040
15043
15044
15075
15077
15093
15105
15123
15127
15129
15144
15167
15172
15175
15212
15245
15276
15285
15290
15313
15326
15334
15337
15372
15374
15389
15390
15404
15407
15419
15422
15435
15454
15457
15471
15481
15487
15529
15540
15548
15557
15579
15582
15584
15595
15602
15608
15609
15633
15649
15674
15674
15683
15702
15711
15721
15723
15735
15744
15749
15754
15773
15779
15805
15816
15826
15826
15831
15838
15844
15882
15885
15902
15905
15918
15931
15956
15972
15973
15979
15998
16002
16010
16014
16034
16040
16045
16069
16074
16078
16078
16078
16088
16093
16104
16112
16112
16113
16116
16125
16138
16149
16155
16159
16186
16193
16199
16204
16213
16234
16239
16246
16255
16308
16343
16357
16358
16377
16404
16419
16424
16434
16438
16451
16459
16469
16477
16480
16482
16496
16497
16514
16516
16529
16539
16580
16587
16608
16611
16612
16641
16642
16663
16692
16702
16709
16712
16716
16720
16726
16773
16790
16796
16799
16811
16826
16833
16844
16867
16870
16874
16884
16887
16890
16892
16898
16900
16904
16911
16914
16919
16925
16927
16936
16938
16956
16958
16958
16968
16989
16990
17010
17036
17036
17051
17070
17082
17091
17112
17162
17164
17172
17173
17183
17189
17190
17197
17205
17205
17227
17257
17283
17329
17334
17338
17366
17379
17381
17398
17406
17422
17436
17439
17455
17456
17483
17508
17562
17562
17564
17569
17579
17591
17595
17598
17601
17615
17619
17624
17634
17641
17654
17665
17697
17705
17726
17737
17744
17756
17769
17777
17785
17789
17797
17806
17816
17824
17851
17867
17886
17889
17890
17914
17923
17928
17931
17964
17967
17979
17982
17988
17989
17995
18017
18018
18023
18025
18031
18038
18051
18074
18085
18116
18120
18124
18140
18155
18185
18198
18217
18231
18265
18268
18276
18291
18291
18307
18352
18356
18360
18364
18365
18374
18377
18378
18378
18380
18383
18391
18396
18400
18401
18402
18430
18445
18450
18454
18464
18478
18485
18498
18501
18503
18527
18536
18544
18551
18552
18556
18561
18586
18597
18615
18618
18623
18625
18634
18641
18646
18668
18698
18701
18709
18720
18724
18732
18733
18736
18747
18764
18768
18772
18775
18775
18810
18837
18838
18852
18865
18867
18876
18887
18896
18897
18916
18922
18923
18940
18945
18957
18964
18966
18975
18993
19004
19015
19037
19044
19053
19055
19055
19056
19056
19062
19067
19073
19082
19098
19108
19117
19139
19153
19154
19158
19164
19179
19184
19196
19204
19226
19228
19229
19232
19233
19237
19239
19239
19245
19260
19266
19272
19284
19355
19355
19373
19375
19382
19386
19387
19395
19398
19411
19427
19445
19446
19476
19478
19481
19501
19503
19524
19530
19560
19573
19584
19598
19610
19611
19654
19673
19689
19700
19700
19704
19709
19712
19717
19738
19739
19755
19773
19816
19822
19834
19836
19845
19860
19879
19883
19885
19909
19940
19950
19963
19964
19966
19977
19979
19982
19990
19992
20044
20048
20065
20093
20099
20113
20136
20145
20153
20175
20200
20211
20218
20235
20238
20246
20261
20270
20270
20273
20274
20283
20284
20306
20312
20315
20320
20325
20356
20361
20370
20371
20382
20382
20389
20407
20430
20438
20453
20465
20475
20476
20501
20506
20509
20516
20517
20518
20521
20532
20548
20551
20561
20566
20579
20582
20593
20610
20642
20643
20646
20669
20674
20680
20681
20684
20684
20696
20704
20705
20736
20745
20765
20767
20767
20769
20802
20808
20812
20818
20831
20833
20835
20843
20848
20860
20864
20879
20881
20882
20889
20897
20904
20910
20932
20935
20942
20945
20954
20964
20972
20998
21006
21011
21018
21028
21049
21051
21055
21075
21089
21094
21097
21098
21107
21113
21115
21129
21153
21154
21163
21164
21170
21176
21178
21187
21190
21190
21191
21206
21222
21223
21228
21229
21259
21260
21261
21282
21290
21334
21347
21360
21360
21383
21386
21393
21405
21414
21415
21416
21420
21420
21433
21437
21439
21441
21444
21452
21459
21461
21462
21463
21471
21476
21480
21483
21484
21509
21531
21544
21546
21550
21564
21594
21603
21616
21625
21639
21653
21678
21685
21710
21713
21737
21742
21754
21759
21763
21767
21768
21776
21807
21821
21828
21846
21846
21849
21853
21866
21868
21876
21879
21882
21893
21900
21902
21906
21908
21910
21925
21930
21938
21941
21963
21964
21985
21988
22025
22038
22044
22046
22065
22065
22100
22112
22149
22167
22177
22193
22198
22199
22203
22206
22213
22233
22235
22243
22283
22286
22287
22301
22303
22315
22341
22349
22360
22370
22381
22383
22388
22390
22392
22411
22431
22440
22444
22445
22497
22501
22514
22550
22561
22589
22592
22598
22598
22599
22627
22668
22683
22684
22688
22693
22701
22704
22721
22732
22744
22750
22755
22776
22820
22827
22844
22849
22853
22854
22862
22862
22864
22909
22962
22963
22967
22968
22971
22974
22975
22975
22976
22979
22987
22989
23002
23022
23026
23031
23031
23065
23093
23100
23107
23108
23113
23121
23122
23123
23160
23167
23184
23188
23208
23211
23240
23273
23279
23280
23295
23297
23310
23320
23342
23366
23368
23369
23394
23401
23414
23437
23441
23469
23470
23484
23505
23513
23531
23538
23539
23545
23547
23555
23560
23571
23572
23577
23578
23583
23587
23596
23600
23611
23620
23627
23634
23639
23650
23691
23693
23699
23716
23747
23747
23766
23780
23789
23801
23813
23820
23821
23851
23858
23862
23878
23881
23902
23905
23908
23910
23914
23918
23931
23941
23943
23948
23952
23953
23957
23961
23971
23972
23981
23985
24003
24013
24018
24018
24020
24024
24025
24043
24060
24062
24074
24083
24091
24099
24113
24116
24120
24138
24155
24168
24179
24186
24193
24207
24207
24226
24228
24237
24264
24272
24278
24304
24309
24309
24309
24315
24346
24361
24362
24365
24377
24382
24395
24395
24411
24414
24415
24422
24424
24424
24443
24449
24457
24486
24488
24497
24514
24521
24522
24531
24538
24546
24574
24575
24586
24590
24613
24623
24624
24625
24634
24651
24653
24692
24701
24710
24730
24734
24739
24748
24750
24751
24761
24772
24791
24794
24799
24802
24803
24818
24822
24827
24836
24837
24856
24859
24872
24880
24884
24889
24911
24939
25003
25003
25003
25014
25033
25051
25053
25105
25106
25138
25152
25154
25155
25157
25163
25168
25200
25203
25204
25254
25261
25262
25280
25297
25316
25322
25334
25373
25389
25395
25435
25455
25461
25461
25480
25481
25494
25495
25504
25509
25518
25520
25521
25525
25528
25541
25546
25552
25552
25553
25557
25558
25578
25582
25589
25601
25624
25628
25637
25654
25668
25668
25683
25721
25748
25760
25776
25783
25790
25803
25825
25828
25852
25852
25885
25888
25889
25893
25911
25936
25952
25953
25958
25961
25975
25992
26010
26017
26053
26055
26065
26072
26084
26096
26112
26144
26146
26185
26191
26194
26206
26235
26237
26247
26248
26267
26268
26272
26275
26287
26303
26305
26307
26331
26345
26350
26354
26358
26364
26365
26368
26388
26396
26399
26414
26414
26418
26436
26441
26453
26462
26482
26486
26493
26497
26501
26502
26503
26505
26511
26531
26537
26540
26552
26553
26558
26580
26588
26600
26605
26605
26605
26612
26618
26622
26624
26641
26643
26673
26677
26680
26702
26703
26723
26723
26745
26752
26773
26802
26821
26822
26822
26832
26837
26865
26866
26881
26891
26917
26936
26938
26963
26982
26984
26999
27004
27018
27019
27019
27027
27029
27045
27056
27061
27073
27089
27102
27112
27126
27130
27185
27190
27195
27200
27219
27225
27228
27236
27244
27247
27255
27257
27266
27290
27290
27320
27327
27385
27400
27408
27411
27420
27427
27432
27442
27446
27448
27463
27475
27477
27496
27515
27536
27571
27593
27625
27633
27640
27659
27671
27674
27678
27685
27696
27719
27734
27742
27751
27757
27762
27780
27795
27828
27833
27839
27847
27858
27866
27867
27898
27899
27909
27913
27915
27933
27945
27949
27965
27967
27968
27968
27986
27992
27995
28007
28007
28012
28019
28021
28041
28041
28043
28052
28068
28080
28112
28120
28140
28147
28153
28169
28176
28190
28191
28205
28208
28213
28220
28270
28275
28288
28296
28324
28329
28332
28333
28349
28378
28380
28401
28410
28411
28415
28431
28456
28459
28461
28470
28494
28501
28504
28520
28523
28537
28539
28580
28581
28582
28591
28592
28610
28636
28640
28643
28662
28668
28692
28697
28711
28711
28716
28733
28736
28739
28740
28743
28749
28760
28762
28766
28767
28767
28769
28786
28789
28795
28802
28865
28883
28888
28901
28913
28927
28999
29008
29011
29013
29015
29021
29023
29028
29036
29056
29058
29083
29087
29115
29138
29138
29145
29150
29164
29165
29169
29180
29186
29187
29194
29196
29200
29201
29212
29213
29228
29247
29254
29257
29271
29284
29302
29308
29353
29355
29360
29362
29362
29367
29368
29374
29376
29377
29389
29396
29424
29425
29439
29449
29449
29461
29465
29469
29476
29487
29534
29560
29574
29575
29575
29577
29604
29617
29640
29664
29671
29675
29706
29749
29758
29768
29775
29791
29804
29820
29822
29867
29876
29879
29893
29898
29940
29945
29949
29950
29989
30021
30029
30038
30038
30054
30055
30055
30059
30061
30061
30065
30066
30067
30071
30097
30099
30099
30101
30108
30110
30111
30113
30121
30125
30145
30156
30191
30194
30196
30198
30218
30234
30243
30257
30278
30305
30321
30323
30329
30365
30370
30387
30390
30397
30411
30412
30418
30422
30446
30450
30454
30458
30459
30476
30481
30494
30504
30505
30509
30511
30528
30539
30556
30558
30561
30590
30592
30608
30611
30611
30618
30621
30623
30633
30641
30644
30646
30658
30663
30668
30674
30686
30692
30699
30701
30705
30706
30719
30723
30745
30748
30764
30767
30776
30783
30785
30787
30791
30797
30808
30808
30811
30814
30827
30841
30860
30889
30892
30907
30926
30930
30953
30970
30988
30993
30997
31000
31005
31018
31022
31038
31041
31050
31053
31054
31071
31095
31096
31101
31115
31166
31177
31177
31182
31186
31192
31201
31230
31235
31237
31256
31277
31305
31305
31309
31321
31325
31345
31360
31364
31373
31373
31373
31376
31376
31385
31387
31447
31448
31456
31460
31460
31469
31474
31490
31497
31516
31520
31524
31527
31535
31552
31560
31564
31572
31582
31598
31608
31627
31637
31638
31660
31674
31675
31675
31678
31683
31692
31702
31708
31714
31760
31768
31775
31785
31792
31800
31809
31811
31830
31833
31837
31849
31858
31861
31865
31892
31898
31914
31923
31939
31950
31954
31965
31982
31986
31994
31995
31999
32002
32010
32017
32050
32060
32060
32062
32083
32084
32086
32093
32108
32108
32109
32109
32110
32118
32120
32122
32147
32148
32151
32151
32159
32161
32170
32180
32190
32201
32205
32223
32224
32232
32237
32239
32253
32260
32266
32268
32274
32275
32292
32292
32296
32309
32310
32334
32336
32340
32346
32356
32368
32369
32382
32385
32390
32405
32406
32407
32408
32411
32420
32422
32437
32439
32451
32451
32484
32485
32485
32494
32507
32529
32540
32548
32551
32559
32561
32563
32581
32589
32594
32595
32596
32598
32598
32601
32607
32620
32621
32659
32659
32662
32667
32676
32696
32699
32701
32705
32739
32755
32766
32778
32786
32788
32838
32852
32864
32868
32873
32893
32895
32908
32913
32934
32957
32988
33001
33005
33011
33021
33023
33024
33066
33076
33076
33088
33122
33144
33148
33183
33214
33251
33259
33268
33285
33289
33292
33299
33310
33320
33333
33341
33341
33341
33366
33378
33381
33388
33411
33426
33449
33454
33459
33475
33479
33488
33502
33510
33519
33529
33533
33535
33540
33543
33543
33550
33555
33555
33560
33573
33580
33592
33593
33612
33624
33631
33639
33651
33651
33656
33657
33685
33728
33729
33736
33743
33749
33753
33755
33756
33757
33761
33763
33767
33769
33792
33795
33800
33800
33802
33817
33818
33828
33838
33840
33857
33862
33863
33865
33877
33894
33903
33916
33933
33937
33944
33949
33951
33987
33989
33993
33997
33999
33999
34006
34015
34016
34063
34066
34083
34085
34095
34123
34159
34164
34184
34186
34195
34201
34220
34241
34243
34252
34255
34268
34312
34313
34369
34404
34406
34413
34425
34452
34457
34525
34525
34525
34538
34560
34562
34569
34569
34571
34608
34615
34622
34628
34632
34642
34650
34655
34660
34672
34674
34676
34689
34692
34707
34708
34709
34721
34746
34746
34758
34783
34791
34797
34797
34862
34887
34891
34899
34914
34926
34936
34937
34952
34962
34970
34971
34977
34981
34988
34989
34990
34994
34996
35013
35015
35017
35018
35018
35028
35047
35063
35078
35082
35087
35096
35101
35127
35140
35143
35153
35155
35159
35168
35181
35202
35212
35214
35235
35236
35237
35246
35280
35286
35289
35296
35311
35314
35333
35334
35347
35350
35373
35384
35388
35393
35399
35400
35405
35413
35423
35428
35455
35463
35467
35477
35492
35496
35508
35511
35514
35516
35526
35535
35557
35585
35612
35617
35620
35633
35637
35637
35659
35666
35683
35684
35688
35689
35694
35698
35712
35715
35716
35724
35729
35732
35734
35755
35756
35767
35770
35780
35786
35799
35818
35818
35840
35857
35860
35860
35864
35876
35916
35920
35933
35964
35965
35970
35984
35986
35991
35999
36048
36050
36053
36058
36062
36067
36073
36073
36089
36093
36105
36121
36132
36148
36155
36163
36166
36170
36204
36206
36209
36213
36217
36228
36231
36247
36248
36258
36270
36283
36303
36305
36310
36311
36312
36315
36318
36348
36354
36357
36369
36370
36381
36401
36430
36431
36433
36436
36454
36476
36483
36484
36488
36501
36509
36512
36513
36519
36520
36568
36588
36589
36596
36605
36610
36633
36638
36638
36644
36651
36660
36671
36696
36697
36703
36707
36707
36714
36744
36749
36765
36778
36780
36782
36788
36801
36804
36815
36818
36851
36855
36863
36875
36887
36943
36964
36967
36979
37011
37022
37036
37041
37051
37054
37055
37057
37072
37085
37091
37098
37108
37108
37119
37133
37151
37172
37193
37197
37198
37251
37264
37285
37290
37301
37302
37315
37324
37353
37373
37380
37381
37400
37416
37439
37440
37455
37457
37462
37467
37468
37469
37479
37489
37494
37503
37512
37515
37520
37539
37548
37551
37557
37570
37623
37625
37628
37632
37639
37647
37653
37656
37669
37681
37685
37702
37704
37707
37724
37725
37737
37738
37742
37754
37755
37756
37770
37774
37775
37790
37792
37846
37855
37855
37860
37879
37889
37913
37925
37937
37939
37942
37943
37944
37951
37955
37970
37972
37980
37984
37998
38000
38013
38028
38037
38045
38049
38057
38060
38061
38071
38083
38084
38085
38089
38108
38113
38119
38121
38151
38155
38165
38200
38224
38227
38236
38244
38248
38262
38267
38270
38273
38284
38295
38312
38316
38338
38345
38345
38356
38393
38394
38398
38406
38416
38417
38431
38431
38434
38446
38450
38452
38458
38462
38482
38557
38565
38574
38579
38600
38604
38609
38613
38613
38631
38631
38676
38683
38684
38692
38711
38719
38737
38746
38753
38762
38792
38803
38811
38811
38825
38839
38848
38853
38854
38855
38875
38877
38888
38895
38899
38911
38921
38922
38934
38935
38937
38972
38981
38986
38986
39002
39003
39010
39017
39019
39035
39036
39048
39099
39108
39116
39117
39144
39151
39167
39176
39188
39194
39214
39231
39231
39240
39241
39249
39264
39271
39271
39275
39282
39285
39289
39291
39299
39303
39322
39327
39368
39385
39393
39402
39419
39428
39468
39476
39478
39480
39485
39487
39491
39504
39506
39516
39523
39533
39540
39555
39599
39611
39619
39623
39624
39653
39655
39686
39702
39709
39731
39740
39772
39773
39775
39785
39818
39848
39871
39901
39922
39950
39958
39968
39985
39990
40004
40021
40027
40031
40038
40039
40039
40042
40042
40045
40055
40072
40086
40089
40108
40131
40135
40137
40150
40160
40166
40179
40181
40183
40226
40228
40229
40229
40233
40241
40245
40252
40262
40273
40274
40278
40279
40283
40283
40291
40303
40317
40321
40328
40336
40342
40344
40344
40352
40358
40365
40380
40388
40392
40402
40459
40473
40501
40504
40522
40525
40533
40536
40552
40577
40577
40579
40579
40588
40594
40616
40616
40633
40634
40636
40639
40646
40647
40657
40672
40684
40694
40697
40706
40718
40724
40741
40746
40767
40779
40779
40781
40788
40810
40813
40847
40850
40856
40863
40867
40873
40900
40901
40917
40919
40936
40946
40954
40954
40964
40968
40969
40969
40989
40993
41007
41008
41024
41027
41037
41046
41088
41089
41116
41119
41120
41125
41142
41152
41160
41175
41175
41188
41198
41201
41206
41228
41235
41247
41256
41261
41263
41280
41289
41342
41352
41369
41383
41386
41389
41397
41429
41433
41458
41465
41473
41477
41477
41480
41484
41491
41492
41494
41500
41502
41516
41516
41521
41541
41547
41571
41572
41574
41611
41620
41621
41628
41649
41649
41651
41662
41691
41695
41701
41702
41702
41707
41711
41719
41719
41727
41728
41729
41734
41741
41765
41776
41789
41794
41806
41822
41822
41826
41838
41841
41847
41854
41857
41863
41874
41906
41931
41935
41940
41953
41981
41988
41995
41998
42005
42006
42008
42020
42027
42046
42047
42054
42056
42065
42082
42093
42107
42109
42117
42119
42126
42143
42177
42187
42189
42245
42261
42273
42286
42294
42308
42347
42347
42358
42366
42371
42378
42380
42405
42405
42411
42438
42439
42455
42460
42475
42494
42494
42510
42510
42514
42518
42548
42554
42559
42572
42575
42584
42589
42597
42598
42600
42605
42612
42622
42644
42659
42662
42688
42694
42703
42720
42730
42730
42735
42737
42738
42740
42757
42762
42775
42776
42787
42788
42790
42791
42793
42796
42799
42803
42812
42817
42824
42824
42831
42842
42846
42861
42875
42876
42884
42889
42897
42900
42902
42903
42919
42937
42948
42951
42957
42965
42976
42991
42994
43003
43004
43007
43010
43013
43024
43025
43042
43057
43060
43061
43065
43080
43085
43126
43152
43154
43162
43179
43191
43200
43209
43212
43212
43218
43232
43239
43241
43241
43247
43248
43268
43276
43289
43292
43298
43301
43312
43336
43337
43344
43352
43374
43388
43406
43422
43430
43447
43452
43461
43467
43474
43491
43498
43500
43500
43513
43517
43522
43529
43531
43544
43547
43556
43559
43564
43566
43574
43593
43599
43606
43662
43662
43662
43693
43708
43722
43724
43728
43732
43743
43756
43761
43789
43804
43808
43824
43824
43828
43833
43835
43837
43843
43854
43869
43873
43894
43896
43916
43941
43953
43967
43992
44002
44006
44008
44024
44027
44041
44045
44051
44083
44092
44093
44104
44130
44135
44151
44152
44167
44167
44176
44183
44183
44196
44197
44201
44212
44246
44273
44280
44300
44303
44306
44311
44312
44315
44342
44371
44385
44402
44411
44424
44427
44430
44436
44436
44444
44491
44503
44511
44522
44532
44538
44539
44542
44580
44587
44603
44610
44614
44620
44625
44638
44649
44656
44659
44661
44663
44674
44690
44717
44722
44733
44734
44744
44746
44748
44768
44777
44802
44824
44827
44833
44898
44921
44944
44960
44962
44969
44984
44997
45010
45019
45021
45030
45034
45036
45037
45055
45087
45100
45118
45132
45193
45224
45234
45236
45252
45255
45271
45276
45297
45301
45331
45332
45334
45336
45344
45345
45349
45354
45364
45376
45377
45398
45443
45444
45466
45473
45479
45480
45482
45485
45487
45520
45530
45550
45560
45567
45573
45578
45579
45581
45584
45587
45618
45621
45655
45662
45662
45668
45668
45678
45679
45686
45704
45714
45715
45721
45735
45755
45757
45762
45778
45778
45794
45796
45802
45803
45823
45829
45830
45840
45849
45851
45862
45870
45884
45887
45888
45892
45894
45900
45910
45916
45943
45964
45975
45988
45998
46021
46030
46064
46070
46072
46078
46082
46082
46100
46100
46103
46103
46109
46115
46150
46152
46164
46164
46168
46174
46177
46194
46194
46224
46236
46239
46239
46253
46281
46305
46319
46340
46342
46351
46353
46369
46385
46404
46405
46411
46411
46416
46425
46497
46499
46576
46583
46599
46640
46651
46659
46665
46668
46692
46695
46699
46703
46738
46738
46745
46771
46775
46782
46785
46788
46793
46825
46841
46845
46847
46853
46855
46875
46877
46894
46901
46927
46935
46946
46955
46969
46970
46989
46998
46998
46999
47005
47012
47022
47039
47072
47080
47088
47097
47100
47100
47102
47120
47142
47157
47159
47177
47183
47190
47194
47195
47205
47219
47227
47239
47241
47259
47260
47263
47270
47270
47285
47295
47297
47311
47319
47347
47364
47367
47381
47384
47397
47421
47427
47432
47433
47433
47439
47459
47503
47503
47517
47527
47546
47562
47571
47572
47573
47585
47587
47599
47604
47633
47648
47656
47660
47663
47673
47682
47690
47715
47736
47770
47779
47787
47793
47821
47831
47844
47852
47854
47855
47859
47868
47869
47875
47878
47913
47940
47947
47978
48006
48012
48028
48033
48033
48050
48055
48073
48092
48093
48099
48104
48123
48129
48132
48135
48168
48174
48179
48194
48194
48217
48233
48238
48262
48284
48294
48307
48310
48312
48319
48320
48321
48332
48370
48371
48372
48373
48377
48411
48418
48447
48450
48456
48462
48482
48500
48505
48513
48518
48521
48529
48542
48548
48551
48563
48569
48583
48588
48613
48625
48639
48647
48648
48674
48680
48687
48705
48714
48723
48729
48732
48739
48797
48829
48830
48831
48832
48838
48843
48846
48851
48861
48864
48875
48895
48899
48906
48910
48929
48948
48949
48961
48968
48969
48975
48985
48986
48994
49008
49021
49021
49056
49065
49069
49069
49069
49070
49085
49093
49105
49134
49142
49143
49155
49156
49170
49176
49176
49186
49187
49191
49199
49209
49239
49240
49240
49243
49297
49323
49325
49327
49353
49358
49366
49368
49379
49382
49398
49425
49434
49434
49451
49453
49457
49466
49478
49480
49495
49497
49514
49516
49527
49534
49534
49536
49539
49548
49549
49555
49556
49579
49618
49643
49657
49664
49669
49677
49687
49697
49703
49708
49718
49727
49737
49750
49757
49767
49777
49779
49780
49782
49796
49797
49799
49805
49806
49814
49826
49838
49848
49849
49853
49855
49890
49898
49906
49906
49921
49963
49975
49976
49984
49985
49988
49989
49997
50007
50014
50022
50026
50038
50041
50046
50049
50078
50092
50105
50110
50126
50163
50169
50189
50217
50246
50267
50282
50299
50309
50310
50319
50320
50324
50325
50326
50336
50346
50365
50366
50398
50400
50406
50411
50425
50425
50428
50431
50436
50449
50469
50479
50483
50488
50489
50504
50523
50560
50561
50567
50574
50579
50580
50590
50596
50604
50612
50613
50617
50622
50625
50633
50634
50647
50647
50648
50650
50658
50666
50677
50696
50708
50709
50735
50743
50750
50751
50786
50788
50789
50798
50806
50828
50831
50840
50857
50857
50879
50885
50889
50896
50899
50902
50914
50937
50944
50952
50954
50982
51007
51020
51030
51040
51054
51060
51061
51063
51077
51090
51091
51105
51106
51123
51133
51162
51166
51196
51197
51209
51226
51230
51234
51237
51270
51283
51297
51314
51328
51330
51338
51367
51370
51376
51390
51397
51408
51415
51419
51420
51432
51446
51450
51454
51460
51486
51509
51512
51515
51522
51525
51559
51606
51607
51609
51617
51619
51621
51627
51631
51635
51649
51651
51655
51662
51665
51680
51681
51690
51692
51717
51731
51743
51765
51767
51776
51797
51801
51810
51818
51821
51837
51844
51863
51880
51886
51898
51902
51910
51919
51920
51928
51930
51931
51953
51956
51984
51992
51996
52031
52048
52053
52076
52076
52097
52116
52120
52124
52149
52164
52165
52172
52173
52175
52183
52185
52191
52193
52201
52209
52218
52232
52237
52249
52265
52280
52294
52303
52315
52320
52327
52329
52349
52349
52363
52369
52373
52375
52376
52377
52378
52392
52399
52426
52446
52462
52476
52476
52485
52486
52513
52532
52544
52549
52553
52556
52570
52574
52585
52607
52617
52620
52620
52656
52684
52693
52706
52732
52753
52778
52782
52784
52799
52822
52854
52864
52866
52876
52892
52897
52899
52903
52905
52916
52937
52941
52954
52977
52980
52984
52998
53004
53004
53030
53044
53057
53059
53060
53075
53082
53083
53087
53091
53095
53096
53106
53118
53121
53127
53132
53142
53158
53162
53163
53182
53187
53208
53220
53230
53249
53252
53265
53275
53293
53311
53339
53344
53355
53369
53387
53398
53400
53401
53410
53416
53431
53436
53438
53442
53442
53454
53467
53474
53484
53486
53565
53569
53592
53616
53619
53622
53623
53625
53668
53690
53690
53691
53694
53715
53727
53742
53748
53751
53776
53782
53786
53794
53812
53820
53823
53827
53837
53837
53863
53869
53875
53879
53880
53896
53909
53911
53929
53931
53947
53951
53961
53963
53980
53984
54002
54024
54058
54064
54097
54108
54120
54125
54132
54135
54138
54144
54147
54158
54194
54217
54237
54243
54264
54268
54271
54276
54318
54331
54332
54338
54350
54356
54361
54369
54377
54397
54402
54411
54419
54430
54434
54452
54458
54463
54495
54500
54522
54556
54560
54568
54585
54586
54601
54603
54604
54605
54642
54654
54671
54682
54683
54685
54686
54692
54697
54699
54710
54722
54726
54726
54727
54741
54763
54764
54787
54791
54801
54804
54814
54815
54826
54833
54840
54871
54889
54900
54920
54944
54947
54958
54961
54996
54997
55005
55024
55032
55035
55045
55062
55066
55067
55076
55083
55100
55107
55110
55116
55134
55137
55138
55142
55152
55152
55154
55178
55181
55190
55193
55208
55248
55257
55274
55276
55282
55285
55295
55296
55360
55373
55373
55373
55383
55384
55392
55405
55423
55426
55439
55442
55446
55476
55478
55481
55498
55505
55513
55513
55517
55529
55529
55540
55544
55544
55552
55563
55567
55581
55581
55609
55625
55636
55643
55660
55666
55671
55674
55680
55682
55690
55705
55712
55715
55715
55720
55721
55755
55755
55759
55761
55770
55773
55807
55815
55818
55820
55825
55841
55843
55846
55848
55858
55871
55878
55895
55907
55940
55947
55955
55963
55966
55980
55998
56005
56015
56050
56054
56061
56067
56091
56091
56095
56097
56097
56112
56115
56131
56147
56160
56167
56185
56191
56193
56195
56197
56198
56204
56210
56211
56212
56213
56234
56242
56248
56258
56276
56277
56278
56280
56281
56290
56294
56302
56303
56303
56308
56313
56318
56323
56331
56337
56340
56360
56361
56364
56372
56372
56406
56427
56433
56451
56468
56471
56490
56498
56509
56517
56545
56548
56569
56586
56601
56606
56606
56608
56622
56637
56640
56650
56655
56658
56662
56666
56672
56676
56677
56682
56704
56741
56791
56801
56816
56822
56843
56846
56851
56856
56866
56868
56870
56880
56882
56892
56904
56907
56914
56915
56925
56927
56949
56949
56956
56958
56962
56967
56969
56971
56982
56988
56989
57004
57022
57032
57034
57038
57046
57052
57056
57063
57081
57085
57105
57105
57124
57130
57134
57137
57141
57168
57170
57171
57172
57173
57201
57243
57254
57263
57275
57305
57309
57317
57329
57331
57341
57341
57371
57383
57384
57412
57415
57416
57440
57447
57455
57490
57502
57515
57515
57523
57528
57543
57553
57553
57563
57568
57572
57572
57578
57585
57601
57602
57606
57614
57617
57622
57624
57636
57639
57651
57663
57668
57681
57693
57694
57708
57711
57719
57731
57739
57745
57748
57749
57750
57752
57785
57785
57809
57821
57825
57830
57839
57841
57858
57859
57879
57897
57912
57944
57961
57967
57982
58000
58007
58008
58024
58026
58033
58039
58073
58080
58085
58093
58142
58151
58174
58183
58201
58202
58203
58211
58241
58251
58253
58254
58256
58262
58267
58276
58287
58307
58310
58314
58332
58340
58343
58352
58356
58367
58383
58388
58402
58408
58409
58411
58414
58425
58456
58464
58468
58478
58485
58497
58518
58523
58523
58536
58539
58558
58571
58577
58601
58615
58617
58618
58638
58643
58644
58646
58659
58671
58680
58681
58694
58711
58744
58751
58759
58766
58771
58773
58782
58790
58792
58802
58803
58813
58815
58817
58847
58850
58852
58853
58862
58874
58885
58911
58912
58914
58915
58935
58972
58978
58993
58996
59008
59015
59020
59021
59025
59027
59027
59045
59050
59060
59072
59080
59086
59088
59095
59099
59104
59124
59129
59153
59154
59159
59170
59231
59243
59244
59259
59279
59297
59297
59308
59333
59357
59373
59378
59389
59403
59420
59433
59436
59436
59448
59452
59465
59467
59494
59505
59506
59531
59539
59546
59567
59569
59581
59586
59591
59594
59606
59629
59641
59646
59650
59652
59657
59673
59679
59682
59717
59728
59735
59739
59751
59769
59769
59784
59805
59809
59809
59811
59822
59853
59861
59921
59937
59960
59965
59969
59970
60007
60009
60017
60022
60029
60040
60044
60044
60053
60059
60069
60077
60085
60105
60106
60112
60113
60118
60128
60130
60134
60139
60143
60147
60191
60192
60197
60199
60206
60212
60225
60237
60243
60250
60252
60255
60275
60290
60294
60295
60298
60310
60313
60323
60324
60332
60334
60349
60370
60378
60384
60395
60396
60398
60408
60426
60452
60457
60479
60480
60502
60502
60512
60534
60540
60545
60546
60571
60580
60610
60612
60613
60616
60631
60637
60642
60651
60657
60658
60692
60705
60719
60726
60726
60729
60733
60738
60740
60751
60768
60772
60772
60785
60799
60807
60814
60831
60836
60851
60855
60865
60872
60889
60899
60910
60916
60941
60966
60970
60982
60985
60987
61008
61031
61034
61039
61046
61079
61096
61103
61105
61122
61123
61139
61141
61142
61161
61165
61173
61191
61196
61199
61214
61222
61226
61243
61255
61260
61267
61280
61286
61317
61326
61340
61363
61370
61375
61376
61386
61398
61398
61406
61412
61447
61471
61490
61495
61498
61504
61525
61541
61542
61548
61559
61570
61575
61602
61604
61617
61630
61633
61648
61651
61653
61659
61674
61694
61712
61718
61734
61737
61751
61752
61792
61798
61804
61826
61828
61842
61850
61854
61855
61875
61880
61893
61895
61898
61902
61902
61905
61906
61908
61916
61916
61926
61941
61943
61944
61947
61962
61963
61965
61974
61975
61983
61985
61991
61994
62013
62015
62017
62029
62030
62032
62034
62040
62044
62052
62061
62064
62075
62086
62087
62099
62103
62124
62127
62129
62135
62145
62152
62171
62183
62187
62191
62193
62212
62212
62242
62263
62282
62303
62320
62325
62338
62345
62346
62347
62364
62390
62396
62418
62427
62429
62455
62469
62478
62483
62491
62529
62530
62530
62531
62536
62540
62558
62582
62590
62598
62631
62635
62640
62645
62647
62673
62680
62686
62687
62692
62700
62709
62716
62731
62733
62754
62762
62778
62792
62811
62831
62833
62840
62845
62851
62856
62857
62857
62880
62881
62889
62893
62896
62904
62904
62919
62921
62945
62952
62967
62971
62993
63005
63032
63043
63047
63055
63067
63073
63089
63115
63126
63132
63146
63162
63170
63177
63222
63240
63262
63265
63271
63277
63277
63278
63300
63331
63338
63341
63350
63363
63366
63377
63382
63395
63398
63466
63467
63476
63479
63480
63503
63506
63511
63512
63517
63531
63553
63557
63570
63573
63584
63586
63587
63597
63618
63624
63628
63636
63657
63673
63674
63679
63690
63706
63718
63720
63730
63762
63766
63766
63771
63779
63782
63798
63833
63835
63840
63848
63859
63863
63879
63879
63889
63901
63932
63936
63939
63944
63957
63976
63981
64018
64020
64022
64038
64053
64061
64066
64069
64091
64124
64127
64128
64130
64134
64136
64142
64208
64219
64222
64234
64241
64246
64269
64272
64286
64287
64311
64321
64325
64344
64348
64388
64405
64414
64418
64426
64428
64431
64431
64438
64442
64454
64467
64498
64507
64511
64514
64516
64518
64519
64532
64546
64559
64566
64577
64584
64590
64632
64643
64662
64667
64668
64678
64681
64712
64714
64721
64726
64728
64741
64743
64762
64763
64765
64787
64792
64801
64822
64829
64846
64855
64881
64889
64907
64910
64934
64936
64936
64950
64951
64962
64980
64980
64984
64988
64998
64999
65012
65060
65061
65063
65073
65088
65090
65104
65117
65117
65126
65132
65133
65139
65148
65151
65151
65158
65160
65170
65177
65183
65190
65195
65205
65246
65251
65258
65271
65279
65280
65284
65315
65318
65320
65336
65342
65344
65345
65345
65362
65364
65369
65374
65374
65375
65383
65387
65393
65396
65397
65398
65406
65411
65412
65425
65429
65432
65448
65450
65452
65466
65471
65473
65482
65485
65490
65502
65503
65508
65508
65511
65517
65517
65535
65543
65571
65574
65583
65590
65590
65593
65600
65615
65626
65632
65637
65651
65654
65663
65685
65686
65702
65709
65711
65712
65713
65715
65741
65757
65762
65763
65768
65789
65792
65793
65794
65794
65803
65803
65807
65816
65835
65841
65847
65861
65863
65875
65876
65889
65896
65906
65912
65917
65919
65926
65928
65930
65949
65953
65999
66019
66029
66037
66043
66049
66055
66064
66082
66083
66115
66125
66151
66168
66205
66208
66209
66217
66219
66226
66236
66239
66247
66248
66251
66293
66295
66313
66323
66325
66329
66347
66352
66364
66370
66374
66380
66420
66437
66455
66459
66480
66483
66528
66531
66567
66567
66577
66579
66580
66609
66613
66639
66656
66663
66673
66675
66687
66709
66756
66813
66831
66838
66863
66875
66881
66881
66883
66899
66905
66926
66926
66984
66985
67002
67007
67017
67019
67020
67021
67024
67030
67032
67032
67038
67042
67053
67065
67067
67069
67084
67101
67101
67120
67121
67125
67131
67135
67163
67178
67206
67210
67215
67235
67236
67237
67246
67250
67251
67264
67280
67305
67322
67332
67339
67358
67358
67364
67379
67382
67390
67408
67430
67430
67436
67438
67442
67452
67459
67461
67469
67480
67486
67486
67493
67511
67541
67562
67562
67563
67567
67581
67589
67600
67605
67616
67629
67660
67679
67682
67701
67708
67721
67722
67753
67753
67763
67771
67782
67786
67800
67800
67808
67816
67828
67830
67833
67849
67854
67860
67860
67860
67871
67874
67876
67880
67889
67934
67939
67959
67963
67995
68000
68012
68013
68021
68029
68040
68041
68044
68044
68046
68053
68055
68056
68058
68060
68067
68068
68076
68082
68088
68109
68113
68118
68119
68122
68122
68134
68144
68155
68160
68166
68172
68185
68205
68209
68216
68217
68217
68222
68227
68232
68233
68236
68254
68290
68302
68302
68315
68342
68357
68362
68373
68382
68383
68393
68403
68422
68426
68439
68467
68474
68480
68503
68511
68525
68526
68536
68547
68554
68571
68579
68580
68586
68593
68595
68604
68607
68638
68647
68648
68669
68679
68679
68687
68698
68699
68703
68713
68715
68717
68717
68724
68737
68738
68747
68767
68797
68801
68817
68834
68847
68851
68852
68856
68872
68873
68889
68891
68895
68921
68926
68932
68942
68975
68979
68988
69000
69009
69030
69032
69049
69069
69077
69078
69088
69107
69116
69151
69154
69158
69163
69166
69170
69176
69183
69185
69241
69250
69251
69260
69270
69289
69297
69306
69335
69350
69355
69371
69378
69379
69382
69383
69392
69400
69404
69407
69414
69416
69419
69422
69429
69430
69432
69445
69453
69454
69463
69487
69498
69518
69537
69537
69541
69548
69548
69569
69577
69596
69601
69631
69633
69650
69650
69655
69660
69661
69667
69677
69681
69692
69694
69757
69762
69763
69766
69781
69784
69784
69786
69788
69789
69792
69794
69804
69808
69836
69843
69848
69849
69851
69859
69866
69873
69874
69884
69911
69919
69960
69986
69992
70007
70011
70012
70019
70023
70028
70032
70038
70045
70047
70063
70072
70074
70075
70102
70107
70129
70152
70169
70170
70177
70191
70193
70205
70209
70216
70217
70238
70240
70244
70259
70265
70272
70289
70295
70315
70320
70333
70333
70338
70343
70354
70358
70359
70361
70361
70365
70366
70375
70399
70414
70416
70437
70439
70456
70459
70462
70471
70473
70480
70490
70491
70494
70495
70504
70511
70516
70522
70531
70533
70558
70563
70567
70571
70573
70577
70585
70587
70589
70590
70591
70629
70632
70634
70649
70669
70671
70675
70681
70686
70688
70699
70714
70717
70722
70722
70749
70762
70770
70772
70774
70783
70783
70816
70817
70823
70824
70837
70838
70842
70846
70847
70872
70893
70900
70904
70929
70931
70959
70984
70988
70991
71007
71015
71025
71032
71039
71071
71076
71081
71096
71102
71107
71109
71134
71142
71155
71167
71170
71173
71188
71205
71217
71223
71227
71230
71240
71242
71266
71269
71276
71282
71285
71289
71318
71337
71339
71352
71358
71368
71370
71374
71395
71398
71402
71426
71441
71443
71448
71465
71471
71479
71494
71495
71503
71529
71529
71534
71536
71545
71557
71603
71603
71616
71618
71622
71639
71653
71669
71671
71679
71698
71706
71713
71717
71734
71736
71745
71757
71781
71789
71794
71795
71800
71801
71806
71844
71848
71857
71860
71867
71875
71909
71930
71966
71973
71977
71982
71987
72013
72017
72024
72032
72046
72050
72060
72066
72074
72108
72116
72118
72129
72137
72148
72150
72155
72164
72178
72202
72216
72225
72242
72245
72255
72260
72266
72282
72294
72329
72340
72360
72381
72389
72390
72398
72403
72424
72427
72455
72456
72457
72459
72465
72466
72474
72475
72485
72498
72515
72520
72524
72529
72530
72533
72535
72536
72559
72559
72563
72569
72585
72611
72612
72616
72621
72644
72655
72659
72666
72673
72673
72692
72700
72701
72712
72720
72723
72728
72730
72730
72730
72770
72776
72777
72778
72788
72805
72814
72818
72820
72822
72828
72847
72865
72882
72893
72897
72899
72917
72921
72958
72963
72988
72989
73001
73002
73005
73011
73013
73026
73045
73049
73051
73052
73068
73076
73079
73079
73080
73096
73098
73098
73099
73121
73127
73128
73148
73150
73162
73162
73169
73173
73180
73203
73205
73210
73212
73220
73226
73228
73231
73247
73257
73260
73334
73347
73348
73377
73378
73385
73398
73405
73407
73416
73455
73467
73471
73471
73472
73492
73494
73498
73544
73553
73554
73560
73567
73575
73581
73591
73619
73620
73622
73632
73643
73670
73673
73679
73686
73691
73699
73724
73740
73741
73756
73767
73790
73798
73801
73813
73833
73859
73869
73871
73873
73876
73893
73899
73902
73908
73914
73926
73928
73944
73944
73965
73980
73986
73994
74046
74046
74046
74057
74064
74068
74078
74092
74100
74101
74109
74112
74116
74147
74150
74151
74152
74156
74178
74184
74186
74190
74203
74207
74222
74222
74254
74258
74283
74311
74313
74324
74324
74329
74333
74337
74342
74356
74375
74379
74379
74382
74399
74411
74415
74419
74431
74433
74451
74460
74474
74483
74495
74498
74499
74502
74510
74512
74512
74514
74515
74524
74534
74538
74560
74562
74562
74577
74581
74582
74604
74628
74636
74651
74653
74681
74686
74687
74696
74731
74738
74753
74769
74780
74781
74786
74794
74795
74830
74846
74853
74860
74866
74931
74943
74951
74953
74973
74974
74974
74984
74991
75000
75004
75009
75013
75027
75028
75048
75065
75067
75075
75083
75084
75089
75091
75097
75099
75106
75128
75129
75138
75141
75153
75174
75176
75180
75200
75222
75226
75236
75239
75240
75250
75251
75289
75290
75307
75321
75345
75350
75354
75371
75377
75404
75422
75428
75430
75480
75490
75498
75511
75521
75522
75526
75542
75553
75567
75579
75582
75600
75605
75607
75608
75611
75628
75630
75676
75690
75709
75720
75725
75729
75730
75749
75763
75776
75781
75808
75812
75818
75823
75828
75832
75833
75854
75859
75874
75886
75891
75909
75933
75945
75956
75961
75965
75975
75978
75983
75987
75992
75994
75996
76003
76051
76079
76083
76095
76116
76120
76121
76129
76132
76135
76145
76146
76153
76168
76169
76177
76181
76208
76208
76269
76270
76283
76301
76311
76320
76321
76323
76331
76336
76340
76366
76377
76380
76390
76392
76403
76414
76428
76439
76440
76451
76468
76483
76484
76501
76508
76540
76564
76565
76566
76575
76583
76585
76592
76614
76615
76617
76645
76648
76653
76656
76659
76663
76670
76677
76679
76688
76691
76723
76727
76752
76759
76772
76780
76787
76806
76818
76825
76830
76834
76853
76870
76899
76902
76908
76920
76929
76932
76933
76950
76958
76961
76965
76984
76989
77008
77049
77063
77082
77083
77089
77095
77101
77113
77116
77117
77125
77152
77154
77180
77189
77203
77209
77218
77220
77220
77229
77236
77241
77269
77271
77281
77297
77304
77316
77330
77340
77351
77361
77370
77377
77377
77384
77385
77402
77403
77413
77423
77425
77429
77433
77440
77451
77473
77483
77493
77494
77500
77501
77527
77538
77558
77562
77573
77584
77588
77592
77611
77623
77629
77630
77651
77655
77655
77663
77683
77701
77709
77710
77710
77711
77728
77733
77745
77755
77757
77781
77783
77786
77791
77791
77794
77800
77806
77811
77823
77841
77860
77891
77901
77916
77921
77932
77936
77943
77950
77989
77997
78002
78003
78027
78028
78033
78034
78043
78061
78065
78071
78079
78104
78110
78116
78117
78117
78121
78121
78125
78128
78136
78140
78180
78180
78181
78183
78230
78235
78239
78240
78262
78265
78265
78276
78276
78298
78308
78314
78315
78329
78376
78392
78398
78414
78425
78426
78430
78432
78444
78451
78461
78464
78466
78468
78468
78486
78490
78492
78498
78512
78515
78517
78521
78525
78526
78527
78534
78552
78552
78558
78567
78592
78615
78620
78643
78646
78649
78666
78668
78686
78687
78702
78706
78714
78735
78738
78748
78753
78754
78778
78779
78784
78786
78788
78789
78806
78807
78825
78827
78831
78845
78848
78861
78876
78889
78893
78908
78913
78920
78921
78927
78946
78956
78963
78967
78974
78987
78997
79009
79020
79030
79050
79050
79051
79051
79052
79055
79055
79084
79088
79101
79109
79125
79125
79128
79134
79151
79186
79200
79205
79212
79226
79229
79232
79236
79261
79273
79305
79313
79342
79356
79374
79374
79385
79403
79407
79411
79417
79423
79424
79430
79439
79476
79498
79499
79504
79505
79506
79511
79513
79521
79528
79530
79532
79546
79550
79559
79579
79592
79603
79642
79659
79665
79674
79686
79707
79725
79732
79754
79755
79758
79762
79774
79782
79796
79811
79813
79828
79834
79839
79840
79847
79852
79868
79872
79910
79912
79926
79936
79944
79951
79962
79966
79977
80003
80006
80007
80011
80026
80026
80036
80053
80106
80108
80113
80143
80158
80158
80164
80164
80182
80195
80199
80199
80209
80211
80218
80220
80233
80235
80241
80252
80254
80304
80340
80349
80362
80370
80400
80405
80407
80416
80417
80428
80439
80481
80483
80486
80494
80519
80538
80541
80544
80555
80555
80556
80571
80601
80641
80659
80672
80672
80675
80698
80704
80724
80728
80741
80747
80768
80779
80810
80840
80867
80874
80881
80898
80911
80913
80922
80929
80942
80948
80953
80954
80965
80975
80976
80988
81003
81008
81009
81016
81029
81035
81040
81040
81040
81050
81055
81094
81096
81097
81098
81129
81153
81179
81190
81191
81194
81208
81210
81217
81218
81219
81220
81220
81224
81238
81238
81244
81245
81248
81262
81269
81270
81271
81298
81303
81303
81312
81312
81334
81336
81340
81349
81383
81390
81393
81394
81422
81442
81442
81475
81479
81492
81500
81500
81508
81509
81520
81524
81550
81554
81560
81566
81582
81598
81603
81614
81616
81618
81631
81688
81688
81689
81727
81787
81792
81812
81819
81824
81827
81830
81859
81866
81872
81876
81884
81904
81910
81918
81928
81938
81944
81951
81986
81995
82003
82012
82014
82027
82032
82045
82063
82064
82096
82113
82159
82161
82167
82177
82184
82184
82188
82204
82214
82246
82248
82261
82270
82271
82313
82313
82352
82356
82390
82399
82403
82411
82419
82422
82425
82437
82446
82474
82480
82481
82533
82537
82544
82545
82545
82556
82577
82586
82595
82597
82604
82613
82616
82624
82637
82642
82658
82659
82683
82719
82727
82734
82745
82753
82763
82772
82773
82786
82819
82825
82827
82829
82831
82841
82852
82855
82859
82872
82896
82911
82920
82929
82938
82938
82954
82960
82961
82965
82988
83005
83007
83010
83040
83041
83045
83052
83071
83076
83081
83087
83091
83114
83120
83124
83135
83150
83163
83175
83193
83200
83206
83212
83213
83220
83222
83234
83264
83278
83287
83292
83293
83297
83324
83324
83326
83354
83361
83379
83382
83388
83390
83404
83409
83410
83414
83446
83464
83465
83468
83468
83468
83486
83499
83501
83519
83525
83531
83544
83545
83548
83549
83557
83566
83575
83578
83582
83585
83603
83603
83604
83622
83622
83625
83658
83665
83689
83712
83728
83730
83742
83745
83746
83756
83762
83764
83768
83788
83797
83815
83832
83837
83856
83860
83861
83866
83868
83871
83891
83893
83893
83902
83902
83909
83917
83918
83925
83936
83975
84018
84019
84027
84034
84038
84041
84042
84061
84083
84085
84094
84114
84152
84174
84183
84189
84199
84200
84204
84229
84230
84243
84288
84310
84336
84345
84367
84392
84396
84404
84406
84409
84423
84428
84434
84459
84464
84465
84493
84505
84514
84533
84533
84537
84546
84552
84553
84557
84564
84564
84572
84653
84659
84671
84673
84678
84694
84694
84697
84715
84718
84730
84749
84759
84767
84783
84797
84799
84804
84813
84837
84842
84845
84856
84928
84949
84957
84962
84963
84979
84986
84989
85050
85051
85057
85058
85073
85108
85115
85144
85157
85165
85181
85185
85198
85215
85225
85236
85246
85257
85265
85274
85275
85275
85279
85302
85305
85310
85344
85350
85355
85359
85366
85371
85377
85395
85402
85403
85406
85408
85409
85414
85419
85448
85457
85462
85463
85465
85479
85482
85488
85495
85502
85503
85528
85536
85569
85594
85603
85624
85636
85639
85649
85656
85663
85676
85677
85683
85683
85687
85698
85701
85720
85729
85736
85738
85740
85750
85754
85757
85759
85777
85788
85798
85801
85818
85819
85827
85827
85830
85832
85843
85848
85856
85871
85872
85883
85886
85887
85915
85931
85948
85948
85967
85994
85995
86000
86011
86031
86041
86046
86050
86071
86085
86094
86094
86122
86155
86160
86173
86183
86186
86196
86213
86223
86224
86230
86230
86231
86233
86234
86237
86237
86239
86240
86240
86281
86290
86294
86300
86317
86330
86331
86352
86366
86382
86384
86386
86387
86387
86446
86447
86457
86461
86461
86469
86472
86477
86490
86494
86505
86531
86557
86573
86577
86584
86588
86593
86606
86610
86627
86627
86632
86632
86650
86661
86665
86677
86707
86712
86747
86748
86751
86754
86769
86779
86804
86804
86813
86824
86834
86834
86842
86843
86862
86863
86878
86884
86885
86887
86893
86894
86900
86905
86917
86919
86936
86953
86954
86959
86978
86982
86994
86996
87001
87001
87012
87018
87018
87018
87021
87045
87046
87057
87064
87064
87070
87071
87075
87102
87119
87122
87127
87132
87141
87148
87148
87186
87203
87208
87227
87243
87247
87257
87264
87264
87269
87271
87274
87304
87319
87321
87321
87330
87339
87348
87363
87383
87396
87402
87406
87417
87417
87427
87429
87451
87475
87483
87491
87496
87508
87514
87534
87536
87545
87547
87554
87556
87568
87568
87610
87616
87616
87637
87657
87661
87668
87684
87700
87702
87706
87706
87710
87723
87727
87747
87764
87780
87801
87813
87818
87821
87827
87860
87860
87881
87893
87895
87901
87918
87924
87944
87956
87968
87972
88010
88018
88059
88072
88083
88087
88089
88090
88093
88095
88096
88096
88134
88142
88152
88157
88160
88161
88161
88165
88188
88212
88233
88248
88274
88283
88286
88297
88298
88303
88336
88337
88339
88339
88348
88363
88377
88430
88434
88450
88458
88473
88474
88506
88532
88546
88548
88552
88556
88571
88599
88611
88629
88652
88660
88667
88675
88692
88695
88696
88703
88707
88726
88728
88749
88749
88755
88784
88813
88833
88841
88843
88843
88857
88860
88888
88893
88893
88912
88915
88916
88923
88927
88935
88936
88937
88942
88956
88961
88968
88971
88972
88975
88988
88999
89006
89009
89013
89022
89023
89065
89089
89100
89112
89121
89131
89132
89140
89143
89151
89160
89175
89182
89189
89208
89221
89235
89235
89241
89246
89254
89258
89259
89264
89264
89276
89293
89303
89307
89328
89333
89341
89380
89398
89404
89414
89415
89416
89419
89450
89455
89468
89474
89493
89498
89503
89507
89511
89523
89529
89538
89542
89544
89559
89562
89572
89590
89598
89598
89606
89610
89611
89625
89634
89640
89641
89654
89680
89699
89735
89735
89736
89744
89770
89776
89806
89812
89815
89833
89834
89852
89884
89896
89898
89921
89938
89942
89960
89965
89984
89987
90000
90004
90006
90006
90008
90028
90031
90034
90036
90041
90048
90052
90081
90087
90092
90107
90111
90118
90123
90130
90139
90144
90150
90167
90182
90201
90231
90238
90242
90243
90244
90254
90256
90268
90272
90278
90279
90279
90293
90297
90304
90306
90308
90311
90319
90326
90338
90349
90368
90382
90413
90420
90427
90428
90456
90470
90478
90487
90507
90520
90533
90550
90554
90560
90561
90587
90621
90623
90644
90652
90652
90655
90659
90660
90665
90697
90714
90716
90728
90739
90753
90762
90773
90786
90794
90815
90833
90837
90839
90839
90844
90845
90859
90886
90904
90905
90923
90930
90937
90937
90946
90994
90996
90998
91035
91041
91066
91070
91084
91088
91098
91151
91171
91184
91187
91192
91197
91198
91199
91201
91212
91227
91232
91243
91257
91260
91284
91291
91292
91295
91298
91303
91312
91326
91327
91328
91328
91333
91340
91354
91380
91385
91393
91407
91410
91414
91417
91418
91419
91428
91466
91511
91524
91528
91544
91546
91551
91584
91594
91598
91599
91600
91627
91632
91644
91645
91654
91669
91685
91689
91694
91726
91745
91749
91760
91772
91774
91790
91795
91827
91840
91842
91842
91856
91877
91907
91922
91922
91923
91933
91954
91969
91980
91996
92004
92021
92026
92029
92049
92050
92053
92061
92080
92088
92089
92124
92180
92183
92187
92201
92204
92222
92237
92239
92250
92256
92262
92271
92278
92286
92287
92288
92297
92305
92320
92321
92327
92358
92359
92363
92369
92386
92399
92413
92423
92432
92439
92453
92458
92473
92490
92503
92509
92513
92515
92516
92523
92528
92529
92536
92538
92541
92542
92573
92599
92606
92614
92621
92626
92637
92654
92659
92678
92692
92696
92698
92730
92731
92735
92741
92745
92757
92764
92776
92778
92781
92787
92788
92796
92829
92834
92860
92860
92863
92874
92896
92910
92919
92935
92946
92958
92965
92975
92976
92990
92993
93000
93014
93015
93021
93027
93032
93037
93037
93048
93057
93070
93079
93094
93095
93118
93119
93119
93130
93149
93153
93167
93186
93198
93212
93218
93220
93227
93240
93289
93303
93304
93322
93326
93333
93371
93380
93391
93395
93397
93400
93404
93415
93438
93454
93461
93464
93464
93475
93482
93492
93507
93512
93516
93526
93532
93547
93552
93556
93556
93576
93577
93577
93591
93592
93597
93601
93613
93624
93625
93634
93634
93639
93657
93669
93673
93682
93691
93698
93707
93708
93712
93720
93726
93751
93767
93781
93806
93815
93827
93858
93872
93891
93899
93924
93925
93928
93938
93940
93947
93971
93972
93986
93987
93989
93991
93996
94002
94003
94006
94013
94019
94030
94035
94044
94095
94096
94109
94116
94122
94126
94134
94134
94134
94154
94159
94161
94180
94185
94196
94209
94217
94222
94223
94224
94231
94246
94248
94256
94256
94270
94278
94285
94288
94304
94307
94312
94316
94333
94335
94342
94343
94384
94396
94415
94418
94429
94440
94444
94453
94464
94476
94489
94510
94524
94535
94561
94571
94585
94604
94606
94614
94637
94651
94657
94657
94667
94684
94701
94717
94725
94732
94733
94737
94754
94755
94766
94790
94792
94801
94805
94817
94819
94822
94853
94859
94894
94904
94913
94915
94917
94945
94952
94967
94972
94976
95002
95005
95010
95030
95050
95060
95063
95067
95070
95071
95074
95078
95089
95094
95105
95109
95117
95131
95154
95159
95160
95161
95171
95206
95225
95252
95256
95258
95266
95266
95294
95311
95316
95317
95336
95341
95360
95360
95361
95366
95368
95387
95391
95400
95401
95422
95429
95432
95432
95436
95443
95447
95457
95474
95476
95479
95493
95504
95521
95526
95527
95530
95532
95537
95542
95550
95622
95632
95639
95650
95682
95682
95699
95721
95755
95756
95760
95776
95780
95781
95788
95795
95813
95827
95831
95843
95885
95898
95900
95932
95939
95949
95952
95963
95964
95966
95976
95976
95992
96003
96007
96010
96029
96029
96031
96053
96056
96076
96094
96095
96105
96133
96138
96144
96172
96184
96185
96188
96225
96231
96236
96261
96263
96266
96282
96287
96294
96314
96315
96327
96334
96354
96373
96376
96377
96403
96405
96421
96435
96435
96445
96453
96483
96487
96489
96489
96504
96505
96512
96522
96529
96545
96549
96562
96569
96592
96617
96626
96647
96649
96677
96678
96682
96682
96686
96700
96705
96706
96711
96722
96723
96731
96750
96753
96768
96803
96806
96809
96811
96829
96842
96862
96873
96876
96878
96885
96891
96913
96915
96927
96932
96936
96940
96943
96966
96974
96980
96993
96997
97004
97006
97006
97006
97023
97041
97042
97055
97074
97077
97079
97087
97089
97098
97168
97172
97174
97174
97209
97211
97221
97230
97295
97300
97304
97307
97320
97343
97345
97346
97350
97357
97357
97366
97366
97374
97391
97395
97400
97423
97426
97442
97444
97456
97458
97462
97467
97471
97471
97487
97488
97501
97536
97544
97569
97578
97584
97610
97614
97624
97634
97638
97674
97687
97692
97705
97720
97725
97751
97768
97775
97779
97794
97801
97809
97820
97821
97833
97835
97837
97850
97851
97862
97867
97876
97881
97889
97890
97890
97892
97902
97923
97943
97958
97959
97968
97980
97994
98005
98039
98043
98056
98061
98072
98080
98088
98089
98105
98107
98109
98124
98141
98143
98147
98149
98150
98150
98160
98171
98176
98196
98199
98208
98225
98233
98234
98246
98250
98263
98271
98272
98275
98277
98281
98283
98286
98291
98302
98303
98315
98321
98337
98356
98360
98374
98375
98418
98419
98451
98460
98466
98475
98510
98522
98524
98525
98539
98545
98550
98560
98567
98570
98571
98573
98580
98591
98599
98618
98633
98640
98648
98648
98658
98661
98681
98683
98694
98705
98707
98711
98731
98733
98733
98744
98780
98781
98802
98805
98811
98854
98864
98866
98867
98900
98911
98916
98937
98938
98938
98982
98999
99005
99012
99036
99054
99071
99088
99094
99100
99109
99119
99185
99187
99191
99196
99201
99201
99222
99260
99262
99262
99269
99275
99289
99322
99326
99328
99333
99336
99343
99348
99359
99362
99365
99377
99377
99387
99389
99442
99444
99444
99449
99461
99472
99478
99490
99509
99515
99517
99529
99537
99541
99543
99561
99566
99575
99583
99598
99599
99611
99652
99660
99685
99687
99697
99704
99735
99739
99746
99753
99755
99795
99804
99816
99818
99832
99846
99847
99869
99871
99875
99882
99894
99903
99917
99923
99928
99943
99958
99968
99971
99978
